pop1,pop2,k1,k2
1000,0,179.12,-1.00
1000,0,26.39,-1.00
1000,0,73.21,-1.00
1000,0,116.88,-1.00
1000,0,45.36,-1.00
1000,0,92.13,-1.00
1000,0,40.36,-1.00
1000,0,78.43,-1.00
1000,0,55.46,-1.00
1000,0,16.55,-1.00
1000,0,51.95,-1.00
1000,0,36.85,-1.00
1000,0,41.85,-1.00
1000,0,35.65,-1.00
1000,0,24.16,-1.00
1000,0,35.80,-1.00
1000,0,38.75,-1.00
1000,0,30.13,-1.00
1000,0,85.82,-1.00
1000,0,46.71,-1.00
1000,0,29.33,-1.00
1000,0,37.66,-1.00
1000,0,37.05,-1.00
1000,0,50.72,-1.00
1000,0,17.03,-1.00
1000,0,80.62,-1.00
1000,0,17.12,-1.00
1000,0,14.79,-1.00
1000,0,179.07,-1.00
1000,0,40.84,-1.00
1000,0,40.99,-1.00
1000,0,64.68,-1.00
1000,0,22.09,-1.00
1000,0,49.42,-1.00
1000,0,36.83,-1.00
1000,0,34.22,-1.00
1000,0,18.91,-1.00
1000,0,39.17,-1.00
1000,0,44.45,-1.00
1000,0,33.80,-1.00
1000,0,24.50,-1.00
1000,0,25.12,-1.00
1000,0,86.93,-1.00
1000,0,75.15,-1.00
1000,0,49.22,-1.00
1000,0,16.06,-1.00
1000,0,57.63,-1.00
1000,0,38.29,-1.00
1000,0,52.56,-1.00
1000,0,31.86,-1.00
1000,0,29.39,-1.00
1000,0,29.69,-1.00
1000,0,17.66,-1.00
1000,0,25.06,-1.00
1000,0,35.53,-1.00
1000,0,30.59,-1.00
1000,0,57.41,-1.00
1000,0,34.83,-1.00
1000,0,42.73,-1.00
1000,0,23.62,-1.00
1000,0,30.25,-1.00
1000,0,28.25,-1.00
1000,0,28.60,-1.00
1000,0,37.93,-1.00
1000,0,20.61,-1.00
1000,0,55.27,-1.00
1000,0,47.59,-1.00
1000,0,28.83,-1.00
1000,0,26.26,-1.00
1000,0,56.95,-1.00
1000,0,20.72,-1.00
1000,0,22.87,-1.00
1000,0,50.43,-1.00
1000,0,42.90,-1.00
1000,0,45.07,-1.00
1000,0,42.50,-1.00
1000,0,94.01,-1.00
1000,0,44.48,-1.00
1000,0,25.81,-1.00
1000,0,65.22,-1.00
1000,0,73.66,-1.00
1000,0,36.97,-1.00
1000,0,40.78,-1.00
1000,0,49.30,-1.00
1000,0,29.35,-1.00
1000,0,42.53,-1.00
1000,0,95.80,-1.00
1000,0,51.97,-1.00
1000,0,95.86,-1.00
1000,0,32.32,-1.00
1000,0,45.55,-1.00
1000,0,48.81,-1.00
1000,0,90.80,-1.00
1000,0,22.81,-1.00
1000,0,19.67,-1.00
1000,0,53.53,-1.00
1000,0,85.85,-1.00
1000,0,20.07,-1.00
1000,0,42.69,-1.00
1000,0,30.63,-1.00
1000,0,41.29,-1.00
1000,0,42.32,-1.00
1000,0,19.34,-1.00
1000,0,19.05,-1.00
1000,0,36.50,-1.00
1000,0,42.84,-1.00
1000,0,42.72,-1.00
1000,0,45.95,-1.00
1000,0,49.62,-1.00
1000,0,91.35,-1.00
1000,0,30.95,-1.00
1000,0,38.44,-1.00
1000,0,44.99,-1.00
1000,0,174.50,-1.00
1000,0,35.00,-1.00
1000,0,43.04,-1.00
1000,0,28.13,-1.00
1000,0,31.05,-1.00
1000,0,31.48,-1.00
1000,0,43.17,-1.00
1000,0,31.90,-1.00
1000,0,33.92,-1.00
1000,0,74.20,-1.00
1000,0,35.10,-1.00
1000,0,85.53,-1.00
1000,0,69.95,-1.00
1000,0,110.26,-1.00
1000,0,26.89,-1.00
1000,0,41.63,-1.00
1000,0,64.32,-1.00
1000,0,18.39,-1.00
1000,0,103.22,-1.00
1000,0,42.40,-1.00
1000,0,40.72,-1.00
1000,0,27.59,-1.00
1000,0,31.35,-1.00
1000,0,46.79,-1.00
1000,0,33.63,-1.00
1000,0,24.09,-1.00
1000,0,17.66,-1.00
1000,0,57.23,-1.00
1000,0,170.91,-1.00
1000,0,27.48,-1.00
1000,0,36.65,-1.00
1000,0,108.44,-1.00
1000,0,35.61,-1.00
1000,0,73.78,-1.00
1000,0,40.54,-1.00
1000,0,53.19,-1.00
1000,0,52.56,-1.00
1000,0,39.54,-1.00
1000,0,55.02,-1.00
1000,0,64.79,-1.00
1000,0,48.16,-1.00
1000,0,26.87,-1.00
1000,0,59.06,-1.00
1000,0,25.33,-1.00
1000,0,29.99,-1.00
1000,0,26.10,-1.00
1000,0,31.01,-1.00
1000,0,32.38,-1.00
1000,0,42.71,-1.00
1000,0,32.00,-1.00
1000,0,27.06,-1.00
1000,0,36.15,-1.00
1000,0,93.56,-1.00
1000,0,23.45,-1.00
1000,0,43.64,-1.00
1000,0,134.97,-1.00
1000,0,27.84,-1.00
1000,0,48.57,-1.00
1000,0,54.80,-1.00
1000,0,26.85,-1.00
1000,0,109.40,-1.00
1000,0,34.75,-1.00
1000,0,26.25,-1.00
1000,0,28.85,-1.00
1000,0,36.40,-1.00
1000,0,49.17,-1.00
1000,0,48.02,-1.00
1000,0,35.83,-1.00
1000,0,53.29,-1.00
1000,0,44.75,-1.00
1000,0,21.02,-1.00
1000,0,53.61,-1.00
1000,0,19.38,-1.00
1000,0,45.03,-1.00
1000,0,65.39,-1.00
1000,0,48.73,-1.00
1000,0,43.85,-1.00
1000,0,29.18,-1.00
1000,0,24.93,-1.00
1000,0,63.98,-1.00
1000,0,78.10,-1.00
1000,0,21.03,-1.00
1000,0,58.05,-1.00
1000,0,65.46,-1.00
1000,0,33.47,-1.00
1000,0,42.50,-1.00
1000,0,22.24,-1.00
1000,0,45.68,-1.00
1000,0,38.87,-1.00
1000,0,46.08,-1.00
1000,0,26.22,-1.00
1000,0,28.71,-1.00
1000,0,55.51,-1.00
1000,0,27.58,-1.00
1000,0,63.30,-1.00
1000,0,30.15,-1.00
1000,0,49.65,-1.00
1000,0,123.28,-1.00
1000,0,43.96,-1.00
1000,0,58.36,-1.00
1000,0,41.27,-1.00
1000,0,23.14,-1.00
1000,0,32.84,-1.00
1000,0,37.01,-1.00
1000,0,24.36,-1.00
1000,0,16.98,-1.00
1000,0,64.58,-1.00
1000,0,96.02,-1.00
1000,0,73.80,-1.00
1000,0,35.43,-1.00
1000,0,47.33,-1.00
1000,0,83.99,-1.00
1000,0,70.69,-1.00
1000,0,34.08,-1.00
1000,0,41.29,-1.00
1000,0,112.00,-1.00
1000,0,37.41,-1.00
1000,0,49.40,-1.00
1000,0,45.42,-1.00
1000,0,52.95,-1.00
1000,0,34.29,-1.00
1000,0,60.94,-1.00
1000,0,39.40,-1.00
1000,0,29.23,-1.00
1000,0,61.60,-1.00
1000,0,25.61,-1.00
1000,0,75.25,-1.00
1000,0,61.13,-1.00
1000,0,47.06,-1.00
1000,0,69.74,-1.00
1000,0,42.00,-1.00
1000,0,48.89,-1.00
1000,0,21.60,-1.00
1000,0,29.29,-1.00
1000,0,52.23,-1.00
1000,0,37.86,-1.00
1000,0,76.49,-1.00
1000,0,61.28,-1.00
1000,0,53.97,-1.00
1000,0,20.02,-1.00
1000,0,41.76,-1.00
1000,0,74.65,-1.00
1000,0,24.57,-1.00
1000,0,56.89,-1.00
1000,0,24.21,-1.00
1000,0,37.13,-1.00
1000,0,38.19,-1.00
1000,0,46.58,-1.00
1000,0,31.95,-1.00
1000,0,19.86,-1.00
1000,0,127.61,-1.00
1000,0,48.59,-1.00
1000,0,32.31,-1.00
1000,0,33.81,-1.00
1000,0,71.64,-1.00
1000,0,35.12,-1.00
1000,0,49.07,-1.00
1000,0,45.42,-1.00
1000,0,60.40,-1.00
1000,0,44.11,-1.00
1000,0,58.65,-1.00
1000,0,21.95,-1.00
1000,0,23.74,-1.00
1000,0,31.61,-1.00
1000,0,33.15,-1.00
1000,0,48.28,-1.00
1000,0,25.17,-1.00
1000,0,150.26,-1.00
1000,0,45.03,-1.00
1000,0,46.26,-1.00
1000,0,22.76,-1.00
1000,0,62.42,-1.00
1000,0,68.79,-1.00
1000,0,62.55,-1.00
1000,0,47.92,-1.00
1000,0,106.50,-1.00
1000,0,43.64,-1.00
1000,0,34.53,-1.00
1000,0,40.74,-1.00
1000,0,139.67,-1.00
1000,0,49.99,-1.00
1000,0,148.85,-1.00
1000,0,28.14,-1.00
1000,0,30.26,-1.00
1000,0,44.55,-1.00
1000,0,61.61,-1.00
1000,0,29.26,-1.00
1000,0,41.20,-1.00
1000,0,18.89,-1.00
1000,0,96.65,-1.00
1000,0,41.35,-1.00
1000,0,30.73,-1.00
1000,0,50.03,-1.00
1000,0,66.84,-1.00
1000,0,59.87,-1.00
1000,0,13.64,-1.00
1000,0,26.58,-1.00
1000,0,56.30,-1.00
1000,0,30.03,-1.00
1000,0,48.01,-1.00
1000,0,48.67,-1.00
1000,0,24.39,-1.00
1000,0,64.93,-1.00
1000,0,40.10,-1.00
1000,0,14.83,-1.00
1000,0,45.94,-1.00
1000,0,46.21,-1.00
1000,0,16.75,-1.00
1000,0,29.89,-1.00
1000,0,32.18,-1.00
1000,0,17.68,-1.00
1000,0,54.01,-1.00
1000,0,25.84,-1.00
1000,0,12.85,-1.00
1000,0,33.70,-1.00
1000,0,42.86,-1.00
1000,0,90.27,-1.00
1000,0,26.08,-1.00
1000,0,59.49,-1.00
1000,0,38.97,-1.00
1000,0,48.08,-1.00
1000,0,38.12,-1.00
1000,0,33.66,-1.00
1000,0,49.23,-1.00
1000,0,30.80,-1.00
1000,0,49.99,-1.00
1000,0,25.15,-1.00
1000,0,67.27,-1.00
1000,0,22.49,-1.00
1000,0,28.27,-1.00
1000,0,89.74,-1.00
1000,0,61.64,-1.00
1000,0,27.09,-1.00
1000,0,21.80,-1.00
1000,0,23.12,-1.00
1000,0,82.08,-1.00
1000,0,39.66,-1.00
1000,0,20.50,-1.00
1000,0,14.19,-1.00
1000,0,33.86,-1.00
1000,0,51.35,-1.00
1000,0,68.96,-1.00
1000,0,64.45,-1.00
1000,0,82.58,-1.00
1000,0,35.30,-1.00
1000,0,11.92,-1.00
1000,0,68.61,-1.00
1000,0,66.10,-1.00
1000,0,20.16,-1.00
1000,0,33.89,-1.00
1000,0,62.06,-1.00
1000,0,39.64,-1.00
1000,0,47.45,-1.00
1000,0,21.50,-1.00
1000,0,37.09,-1.00
1000,0,45.91,-1.00
1000,0,81.35,-1.00
1000,0,22.72,-1.00
1000,0,27.88,-1.00
1000,0,68.55,-1.00
1000,0,26.78,-1.00
1000,0,34.18,-1.00
1000,0,70.44,-1.00
1000,0,36.23,-1.00
1000,0,50.63,-1.00
1000,0,29.83,-1.00
1000,0,43.53,-1.00
1000,0,20.20,-1.00
1000,0,56.79,-1.00
1000,0,48.71,-1.00
1000,0,48.55,-1.00
1000,0,54.80,-1.00
1000,0,38.30,-1.00
1000,0,44.37,-1.00
1000,0,44.42,-1.00
1000,0,52.34,-1.00
1000,0,63.79,-1.00
1000,0,14.85,-1.00
1000,0,74.61,-1.00
1000,0,34.57,-1.00
1000,0,41.36,-1.00
1000,0,41.67,-1.00
1000,0,39.88,-1.00
1000,0,21.39,-1.00
1000,0,28.23,-1.00
1000,0,22.90,-1.00
1000,0,57.68,-1.00
1000,0,88.97,-1.00
1000,0,88.44,-1.00
1000,0,77.00,-1.00
1000,0,54.14,-1.00
1000,0,29.10,-1.00
1000,0,37.86,-1.00
1000,0,31.66,-1.00
1000,0,59.36,-1.00
1000,0,14.44,-1.00
1000,0,37.40,-1.00
1000,0,38.40,-1.00
1000,0,37.15,-1.00
1000,0,36.21,-1.00
1000,0,84.06,-1.00
1000,0,22.11,-1.00
1000,0,16.76,-1.00
1000,0,28.52,-1.00
1000,0,50.10,-1.00
1000,0,73.05,-1.00
1000,0,30.75,-1.00
1000,0,73.75,-1.00
1000,0,23.37,-1.00
1000,0,110.83,-1.00
1000,0,78.88,-1.00
1000,0,23.92,-1.00
1000,0,42.20,-1.00
1000,0,68.25,-1.00
1000,0,19.16,-1.00
1000,0,28.04,-1.00
1000,0,21.83,-1.00
1000,0,68.87,-1.00
1000,0,49.98,-1.00
1000,0,51.12,-1.00
1000,0,45.31,-1.00
1000,0,60.53,-1.00
1000,0,19.80,-1.00
1000,0,45.14,-1.00
1000,0,46.77,-1.00
1000,0,26.26,-1.00
1000,0,26.02,-1.00
1000,0,48.78,-1.00
1000,0,74.00,-1.00
1000,0,22.99,-1.00
1000,0,34.96,-1.00
1000,0,14.03,-1.00
1000,0,44.59,-1.00
1000,0,43.92,-1.00
1000,0,17.29,-1.00
1000,0,24.42,-1.00
1000,0,25.67,-1.00
1000,0,93.57,-1.00
1000,0,103.44,-1.00
1000,0,25.13,-1.00
1000,0,51.96,-1.00
1000,0,25.12,-1.00
1000,0,26.11,-1.00
1000,0,41.10,-1.00
1000,0,54.74,-1.00
1000,0,28.21,-1.00
1000,0,17.48,-1.00
1000,0,12.42,-1.00
1000,0,37.19,-1.00
1000,0,34.17,-1.00
1000,0,35.03,-1.00
1000,0,26.92,-1.00
1000,0,84.05,-1.00
1000,0,41.06,-1.00
1000,0,46.76,-1.00
1000,0,77.23,-1.00
1000,0,37.03,-1.00
1000,0,51.20,-1.00
1000,0,25.96,-1.00
1000,0,67.25,-1.00
1000,0,30.98,-1.00
1000,0,18.19,-1.00
1000,0,47.71,-1.00
1000,0,29.19,-1.00
1000,0,84.48,-1.00
1000,0,57.74,-1.00
1000,0,75.65,-1.00
1000,0,23.83,-1.00
1000,0,103.23,-1.00
1000,0,29.94,-1.00
1000,0,18.68,-1.00
1000,0,24.43,-1.00
1000,0,26.88,-1.00
1000,0,48.87,-1.00
1000,0,59.38,-1.00
1000,0,39.76,-1.00
1000,0,37.17,-1.00
1000,0,27.01,-1.00
1000,0,47.08,-1.00
1000,0,38.53,-1.00
1000,0,46.96,-1.00
1000,0,44.40,-1.00
1000,0,85.86,-1.00
1000,0,159.62,-1.00
1000,0,63.13,-1.00
1000,0,55.37,-1.00
1000,0,38.37,-1.00
1000,0,41.66,-1.00
1000,0,33.31,-1.00
1000,0,46.32,-1.00
1000,0,40.84,-1.00
1000,0,23.55,-1.00
1000,0,41.24,-1.00
1000,0,76.35,-1.00
1000,0,120.18,-1.00
1000,0,41.22,-1.00
1000,0,35.92,-1.00
1000,0,33.32,-1.00
1000,0,44.00,-1.00
1000,0,56.25,-1.00
1000,0,33.83,-1.00
1000,0,75.85,-1.00
1000,0,52.54,-1.00
1000,0,56.54,-1.00
1000,0,130.50,-1.00
1000,0,40.58,-1.00
1000,0,35.46,-1.00
1000,0,39.42,-1.00
1000,0,20.23,-1.00
1000,0,46.90,-1.00
1000,0,41.34,-1.00
1000,0,80.29,-1.00
1000,0,33.22,-1.00
1000,0,56.90,-1.00
1000,0,21.32,-1.00
1000,0,46.15,-1.00
1000,0,125.63,-1.00
1000,0,40.44,-1.00
1000,0,43.46,-1.00
1000,0,108.15,-1.00
1000,0,38.12,-1.00
1000,0,48.92,-1.00
1000,0,114.72,-1.00
1000,0,87.23,-1.00
1000,0,43.17,-1.00
1000,0,23.11,-1.00
1000,0,116.36,-1.00
1000,0,28.33,-1.00
1000,0,48.47,-1.00
1000,0,25.14,-1.00
1000,0,59.18,-1.00
1000,0,32.12,-1.00
1000,0,45.79,-1.00
1000,0,51.47,-1.00
1000,0,24.81,-1.00
1000,0,30.85,-1.00
1000,0,37.38,-1.00
1000,0,26.21,-1.00
1000,0,17.72,-1.00
1000,0,64.83,-1.00
1000,0,38.41,-1.00
1000,0,18.33,-1.00
1000,0,119.31,-1.00
1000,0,61.69,-1.00
1000,0,47.33,-1.00
1000,0,85.58,-1.00
1000,0,25.76,-1.00
1000,0,24.73,-1.00
1000,0,78.03,-1.00
1000,0,33.35,-1.00
1000,0,47.95,-1.00
1000,0,69.49,-1.00
1000,0,46.78,-1.00
1000,0,10.53,-1.00
1000,0,26.98,-1.00
1000,0,45.09,-1.00
1000,0,39.10,-1.00
1000,0,21.89,-1.00
1000,0,40.53,-1.00
1000,0,71.43,-1.00
1000,0,39.11,-1.00
1000,0,60.85,-1.00
1000,0,26.68,-1.00
1000,0,22.51,-1.00
1000,0,35.16,-1.00
1000,0,30.12,-1.00
1000,0,29.94,-1.00
1000,0,44.97,-1.00
1000,0,145.38,-1.00
1000,0,41.83,-1.00
1000,0,37.00,-1.00
1000,0,89.07,-1.00
1000,0,13.92,-1.00
1000,0,38.22,-1.00
1000,0,45.48,-1.00
1000,0,108.90,-1.00
1000,0,74.11,-1.00
1000,0,26.16,-1.00
1000,0,15.45,-1.00
1000,0,53.07,-1.00
1000,0,43.45,-1.00
1000,0,64.38,-1.00
1000,0,51.06,-1.00
1000,0,20.99,-1.00
1000,0,35.30,-1.00
1000,0,31.13,-1.00
1000,0,28.99,-1.00
1000,0,37.06,-1.00
1000,0,19.83,-1.00
1000,0,25.45,-1.00
1000,0,25.12,-1.00
1000,0,30.37,-1.00
1000,0,36.53,-1.00
1000,0,46.04,-1.00
1000,0,23.21,-1.00
1000,0,31.75,-1.00
1000,0,52.62,-1.00
1000,0,34.76,-1.00
1000,0,35.73,-1.00
1000,0,53.30,-1.00
1000,0,32.72,-1.00
1000,0,27.75,-1.00
1000,0,43.44,-1.00
1000,0,51.66,-1.00
1000,0,43.03,-1.00
1000,0,77.97,-1.00
1000,0,27.64,-1.00
1000,0,53.14,-1.00
1000,0,30.32,-1.00
1000,0,25.50,-1.00
1000,0,25.57,-1.00
1000,0,82.69,-1.00
1000,0,30.06,-1.00
1000,0,34.57,-1.00
1000,0,19.15,-1.00
1000,0,16.05,-1.00
1000,0,35.03,-1.00
1000,0,29.99,-1.00
1000,0,47.37,-1.00
1000,0,88.29,-1.00
1000,0,14.17,-1.00
1000,0,42.12,-1.00
1000,0,23.08,-1.00
1000,0,24.76,-1.00
1000,0,20.83,-1.00
1000,0,22.71,-1.00
1000,0,47.82,-1.00
1000,0,34.71,-1.00
1000,0,43.35,-1.00
1000,0,24.59,-1.00
1000,0,27.87,-1.00
1000,0,34.37,-1.00
1000,0,66.54,-1.00
1000,0,53.09,-1.00
1000,0,48.51,-1.00
1000,0,46.75,-1.00
1000,0,79.68,-1.00
1000,0,20.31,-1.00
1000,0,47.67,-1.00
1000,0,16.75,-1.00
1000,0,45.80,-1.00
1000,0,74.52,-1.00
1000,0,37.58,-1.00
1000,0,35.02,-1.00
1000,0,52.29,-1.00
1000,0,24.66,-1.00
1000,0,41.50,-1.00
1000,0,70.17,-1.00
1000,0,44.00,-1.00
1000,0,52.07,-1.00
1000,0,24.69,-1.00
1000,0,23.03,-1.00
1000,0,43.27,-1.00
1000,0,35.98,-1.00
1000,0,79.00,-1.00
1000,0,33.51,-1.00
1000,0,39.66,-1.00
1000,0,24.45,-1.00
1000,0,30.29,-1.00
1000,0,26.08,-1.00
1000,0,49.55,-1.00
1000,0,51.43,-1.00
1000,0,39.63,-1.00
1000,0,21.16,-1.00
1000,0,32.48,-1.00
1000,0,68.66,-1.00
1000,0,63.10,-1.00
1000,0,64.16,-1.00
1000,0,27.22,-1.00
1000,0,59.62,-1.00
1000,0,35.85,-1.00
1000,0,65.14,-1.00
1000,0,38.93,-1.00
1000,0,34.60,-1.00
1000,0,26.96,-1.00
1000,0,23.50,-1.00
1000,0,48.44,-1.00
1000,0,90.64,-1.00
1000,0,28.58,-1.00
1000,0,33.61,-1.00
1000,0,49.46,-1.00
1000,0,36.33,-1.00
1000,0,37.03,-1.00
1000,0,50.94,-1.00
1000,0,57.73,-1.00
1000,0,125.24,-1.00
1000,0,24.37,-1.00
1000,0,21.59,-1.00
1000,0,51.86,-1.00
1000,0,42.23,-1.00
1000,0,12.58,-1.00
1000,0,32.74,-1.00
1000,0,21.17,-1.00
1000,0,29.61,-1.00
1000,0,25.51,-1.00
1000,0,35.52,-1.00
1000,0,110.00,-1.00
1000,0,27.62,-1.00
1000,0,47.40,-1.00
1000,0,36.72,-1.00
1000,0,45.54,-1.00
1000,0,69.74,-1.00
1000,0,43.21,-1.00
1000,0,87.66,-1.00
1000,0,14.76,-1.00
1000,0,33.18,-1.00
1000,0,55.25,-1.00
1000,0,47.49,-1.00
1000,0,54.81,-1.00
1000,0,23.04,-1.00
1000,0,17.93,-1.00
1000,0,55.17,-1.00
1000,0,62.79,-1.00
1000,0,44.24,-1.00
1000,0,39.69,-1.00
1000,0,31.72,-1.00
1000,0,21.00,-1.00
1000,0,83.69,-1.00
1000,0,29.12,-1.00
1000,0,26.44,-1.00
1000,0,82.63,-1.00
1000,0,26.64,-1.00
1000,0,47.02,-1.00
1000,0,47.41,-1.00
1000,0,48.74,-1.00
1000,0,36.20,-1.00
1000,0,56.55,-1.00
1000,0,59.82,-1.00
1000,0,23.91,-1.00
1000,0,52.56,-1.00
1000,0,61.34,-1.00
1000,0,45.18,-1.00
1000,0,19.91,-1.00
1000,0,46.00,-1.00
1000,0,34.08,-1.00
1000,0,74.26,-1.00
1000,0,30.66,-1.00
1000,0,24.59,-1.00
1000,0,38.26,-1.00
1000,0,71.24,-1.00
1000,0,29.05,-1.00
1000,0,39.81,-1.00
1000,0,33.68,-1.00
1000,0,33.36,-1.00
1000,0,40.04,-1.00
1000,0,23.54,-1.00
1000,0,53.87,-1.00
1000,0,43.27,-1.00
1000,0,38.91,-1.00
1000,0,33.18,-1.00
1000,0,43.11,-1.00
1000,0,34.24,-1.00
1000,0,40.17,-1.00
1000,0,32.52,-1.00
1000,0,28.94,-1.00
1000,0,19.93,-1.00
1000,0,79.62,-1.00
1000,0,19.55,-1.00
1000,0,100.34,-1.00
1000,0,45.65,-1.00
1000,0,82.35,-1.00
1000,0,23.26,-1.00
1000,0,51.62,-1.00
1000,0,34.28,-1.00
1000,0,20.96,-1.00
1000,0,47.48,-1.00
1000,0,23.16,-1.00
1000,0,49.34,-1.00
1000,0,27.06,-1.00
1000,0,30.35,-1.00
1000,0,32.67,-1.00
1000,0,85.61,-1.00
1000,0,51.93,-1.00
1000,0,20.02,-1.00
1000,0,35.24,-1.00
1000,0,23.85,-1.00
1000,0,52.72,-1.00
1000,0,15.27,-1.00
1000,0,39.17,-1.00
1000,0,17.29,-1.00
1000,0,37.81,-1.00
1000,0,15.00,-1.00
1000,0,55.08,-1.00
1000,0,24.31,-1.00
1000,0,33.09,-1.00
1000,0,29.36,-1.00
1000,0,61.75,-1.00
1000,0,41.95,-1.00
1000,0,73.52,-1.00
1000,0,32.28,-1.00
1000,0,19.78,-1.00
1000,0,36.87,-1.00
1000,0,29.77,-1.00
1000,0,83.11,-1.00
1000,0,18.96,-1.00
1000,0,20.39,-1.00
1000,0,25.91,-1.00
1000,0,43.91,-1.00
1000,0,37.44,-1.00
1000,0,31.50,-1.00
1000,0,44.57,-1.00
1000,0,20.62,-1.00
1000,0,69.82,-1.00
1000,0,44.13,-1.00
1000,0,24.16,-1.00
1000,0,17.17,-1.00
1000,0,51.50,-1.00
1000,0,35.69,-1.00
1000,0,31.27,-1.00
1000,0,98.94,-1.00
1000,0,53.99,-1.00
1000,0,26.55,-1.00
1000,0,15.86,-1.00
1000,0,20.26,-1.00
1000,0,77.90,-1.00
1000,0,29.93,-1.00
1000,0,56.95,-1.00
1000,0,20.93,-1.00
1000,0,23.51,-1.00
1000,0,70.58,-1.00
1000,0,26.58,-1.00
1000,0,76.72,-1.00
1000,0,50.01,-1.00
1000,0,26.21,-1.00
1000,0,55.55,-1.00
1000,0,42.08,-1.00
1000,0,70.21,-1.00
1000,0,52.85,-1.00
1000,0,26.85,-1.00
1000,0,72.85,-1.00
1000,0,58.74,-1.00
1000,0,43.28,-1.00
1000,0,42.72,-1.00
1000,0,28.09,-1.00
1000,0,41.08,-1.00
1000,0,21.81,-1.00
1000,0,89.41,-1.00
1000,0,82.66,-1.00
1000,0,48.73,-1.00
1000,0,43.98,-1.00
1000,0,41.26,-1.00
1000,0,39.33,-1.00
1000,0,20.85,-1.00
1000,0,37.43,-1.00
1000,0,31.48,-1.00
1000,0,40.08,-1.00
1000,0,35.50,-1.00
1000,0,47.12,-1.00
1000,0,24.07,-1.00
1000,0,29.57,-1.00
1000,0,28.32,-1.00
1000,0,74.29,-1.00
1000,0,42.39,-1.00
1000,0,23.01,-1.00
1000,0,30.36,-1.00
1000,0,24.81,-1.00
1000,0,22.15,-1.00
1000,0,25.66,-1.00
1000,0,94.94,-1.00
1000,0,43.09,-1.00
1000,0,94.70,-1.00
1000,0,24.99,-1.00
1000,0,84.25,-1.00
1000,0,71.49,-1.00
1000,0,26.37,-1.00
1000,0,27.07,-1.00
1000,0,105.06,-1.00
1000,0,26.43,-1.00
1000,0,27.48,-1.00
1000,0,111.76,-1.00
1000,0,28.27,-1.00
1000,0,27.81,-1.00
1000,0,19.45,-1.00
1000,0,29.00,-1.00
1000,0,104.17,-1.00
1000,0,35.71,-1.00
1000,0,32.95,-1.00
1000,0,26.31,-1.00
1000,0,59.42,-1.00
1000,0,65.90,-1.00
1000,0,31.17,-1.00
1000,0,52.36,-1.00
1000,0,25.96,-1.00
1000,0,56.59,-1.00
1000,0,62.91,-1.00
1000,0,30.45,-1.00
1000,0,80.44,-1.00
1000,0,40.18,-1.00
1000,0,14.04,-1.00
1000,0,88.50,-1.00
1000,0,98.12,-1.00
1000,0,36.47,-1.00
1000,0,54.67,-1.00
1000,0,65.78,-1.00
1000,0,21.94,-1.00
1000,0,33.56,-1.00
1000,0,71.70,-1.00
1000,0,56.24,-1.00
1000,0,60.57,-1.00
1000,0,53.31,-1.00
1000,0,33.85,-1.00
1000,0,49.96,-1.00
1000,0,42.09,-1.00
1000,0,79.28,-1.00
1000,0,26.26,-1.00
1000,0,91.32,-1.00
1000,0,26.62,-1.00
1000,0,12.96,-1.00
1000,0,62.95,-1.00
1000,0,27.11,-1.00
1000,0,34.46,-1.00
1000,0,46.85,-1.00
1000,0,39.51,-1.00
1000,0,36.18,-1.00
1000,0,38.47,-1.00
1000,0,21.46,-1.00
1000,0,46.05,-1.00
1000,0,33.26,-1.00
1000,0,24.75,-1.00
1000,0,33.98,-1.00
1000,0,20.39,-1.00
1000,0,40.60,-1.00
1000,0,33.22,-1.00
1000,0,55.81,-1.00
1000,0,57.81,-1.00
1000,0,13.89,-1.00
1000,0,125.64,-1.00
1000,0,15.47,-1.00
1000,0,108.39,-1.00
1000,0,40.22,-1.00
1000,0,40.74,-1.00
1000,0,31.16,-1.00
1000,0,50.61,-1.00
1000,0,38.67,-1.00
1000,0,25.94,-1.00
1000,0,62.63,-1.00
1000,0,92.75,-1.00
1000,0,47.10,-1.00
1000,0,133.53,-1.00
1000,0,38.44,-1.00
1000,0,61.65,-1.00
1000,0,36.63,-1.00
1000,0,16.86,-1.00
1000,0,73.42,-1.00
1000,0,64.03,-1.00
1000,0,52.70,-1.00
1000,0,89.17,-1.00
1000,0,39.00,-1.00
1000,0,42.44,-1.00
1000,0,95.13,-1.00
1000,0,88.45,-1.00
1000,0,45.42,-1.00
1000,0,84.07,-1.00
1000,0,41.52,-1.00
1000,0,21.61,-1.00
1000,0,40.33,-1.00
1000,0,64.46,-1.00
1000,0,61.65,-1.00
1000,0,35.97,-1.00
1000,0,79.02,-1.00
1000,0,63.38,-1.00
1000,0,35.11,-1.00
1000,0,29.15,-1.00
1000,0,59.46,-1.00
1000,0,37.92,-1.00
1000,0,47.33,-1.00
1000,0,37.00,-1.00
1000,0,93.34,-1.00
1000,0,66.55,-1.00
1000,0,117.00,-1.00
1000,0,27.68,-1.00
1000,0,62.04,-1.00
1000,0,41.22,-1.00
1000,0,52.60,-1.00
1000,0,28.51,-1.00
1000,0,52.79,-1.00
1000,0,100.04,-1.00
1000,0,51.53,-1.00
1000,0,27.47,-1.00
1000,0,20.59,-1.00
1000,0,49.10,-1.00
1000,0,30.84,-1.00
1000,0,26.92,-1.00
1000,0,60.43,-1.00
1000,0,37.38,-1.00
1000,0,55.10,-1.00
1000,0,34.15,-1.00
1000,0,58.74,-1.00
1000,0,52.41,-1.00
1000,0,30.24,-1.00
1000,0,25.53,-1.00
1000,0,33.17,-1.00
1000,0,38.55,-1.00
1000,0,28.09,-1.00
1000,0,83.28,-1.00
1000,0,27.40,-1.00
1000,0,31.69,-1.00
1000,0,33.54,-1.00
1000,0,63.58,-1.00
1000,0,32.29,-1.00
1000,0,68.39,-1.00
1000,0,36.67,-1.00
1000,0,34.36,-1.00
1000,0,16.45,-1.00
1000,0,40.20,-1.00
1000,0,47.37,-1.00
1000,0,63.46,-1.00
1000,0,22.10,-1.00
1000,0,107.76,-1.00
1000,0,50.94,-1.00
1000,0,26.35,-1.00
1000,0,33.47,-1.00
1000,0,41.56,-1.00
1000,0,44.94,-1.00
1000,0,34.83,-1.00
1000,0,59.10,-1.00
1000,0,81.89,-1.00
1000,0,23.45,-1.00
1000,0,54.02,-1.00
1000,0,31.54,-1.00
1000,0,36.33,-1.00
1000,0,63.77,-1.00
1000,0,39.86,-1.00
1000,0,38.52,-1.00
1000,0,36.16,-1.00
1000,0,74.51,-1.00
1000,0,34.23,-1.00
1000,0,29.32,-1.00
1000,0,59.38,-1.00
1000,0,67.29,-1.00
1000,0,63.31,-1.00
1000,0,37.98,-1.00
1000,0,36.25,-1.00
1000,0,32.33,-1.00
1000,0,85.69,-1.00
1000,0,62.39,-1.00
1000,0,72.18,-1.00
1000,0,34.34,-1.00
1000,0,84.43,-1.00
1000,0,31.87,-1.00
1000,0,29.40,-1.00
1000,0,26.17,-1.00
1000,0,35.00,-1.00
1000,0,50.86,-1.00
1000,0,29.08,-1.00
1000,0,54.76,-1.00
1000,0,45.58,-1.00
1000,0,31.04,-1.00
1000,0,39.79,-1.00
1000,0,54.38,-1.00
1000,0,18.32,-1.00
1000,0,43.14,-1.00
1000,0,26.77,-1.00
1000,0,30.39,-1.00
1000,0,21.08,-1.00
1000,0,28.07,-1.00
1000,0,79.56,-1.00
1000,0,40.31,-1.00
1000,0,91.81,-1.00
1000,0,42.08,-1.00
1000,0,26.04,-1.00
1000,0,43.42,-1.00
1000,0,29.79,-1.00
1000,0,12.17,-1.00
1000,0,91.35,-1.00
1000,0,15.31,-1.00
1000,0,48.88,-1.00
1000,0,28.87,-1.00
1000,0,18.38,-1.00
1000,0,56.11,-1.00
1000,0,76.14,-1.00
1000,0,24.04,-1.00
1000,0,45.27,-1.00
1000,0,25.60,-1.00
1000,0,49.01,-1.00
1000,0,51.71,-1.00
1000,0,67.52,-1.00
1000,0,50.46,-1.00
1000,0,28.33,-1.00
1000,0,31.38,-1.00
1000,0,30.74,-1.00
1000,0,36.11,-1.00
1000,0,63.87,-1.00
1000,0,43.42,-1.00
1000,0,122.15,-1.00
1000,0,62.44,-1.00
1000,0,81.03,-1.00
1000,0,53.20,-1.00
1000,0,45.71,-1.00
1000,0,35.60,-1.00
1000,0,62.35,-1.00
1000,0,23.23,-1.00
1000,0,45.62,-1.00
1000,0,48.56,-1.00
1000,0,26.31,-1.00
1000,0,41.57,-1.00
1000,0,32.95,-1.00
1000,0,30.36,-1.00
1000,0,82.63,-1.00
1000,0,41.01,-1.00
1000,0,78.57,-1.00
1000,0,27.32,-1.00
1000,0,17.82,-1.00
1000,0,28.18,-1.00
1000,0,55.23,-1.00
1000,0,48.91,-1.00
1000,0,20.60,-1.00
1000,0,17.08,-1.00
1000,0,26.83,-1.00
1000,0,29.47,-1.00
1000,0,27.19,-1.00
1000,0,69.45,-1.00
1000,0,130.81,-1.00
1000,0,18.22,-1.00
1000,0,68.11,-1.00
1000,0,21.08,-1.00
1000,0,83.77,-1.00
1000,0,30.97,-1.00
1000,0,27.48,-1.00
1000,0,59.31,-1.00
1000,0,48.25,-1.00
1000,0,32.04,-1.00
1000,0,28.61,-1.00
1000,0,58.33,-1.00
1000,0,30.45,-1.00
1000,0,51.86,-1.00
1000,0,42.00,-1.00
1000,0,60.16,-1.00
1000,0,28.33,-1.00
1000,0,32.06,-1.00
1000,0,26.73,-1.00
1000,0,19.87,-1.00
1000,0,41.49,-1.00
1000,0,47.06,-1.00
1000,0,36.12,-1.00
1000,0,49.02,-1.00
1000,0,23.11,-1.00
1000,0,27.34,-1.00
1000,0,39.42,-1.00
1000,0,29.51,-1.00
1000,0,47.24,-1.00
1000,0,54.95,-1.00
1000,0,28.13,-1.00
1000,0,36.44,-1.00
1000,0,62.81,-1.00
1000,0,22.27,-1.00
1000,0,30.26,-1.00
1000,0,49.71,-1.00
1000,0,47.27,-1.00
1000,0,61.00,-1.00
1000,0,18.25,-1.00
1000,0,17.45,-1.00
1000,0,32.56,-1.00
1000,0,42.26,-1.00
1000,0,37.22,-1.00
1000,0,64.04,-1.00
1000,0,44.49,-1.00
1000,0,28.52,-1.00
1000,0,79.21,-1.00
1000,0,51.15,-1.00
1000,0,41.38,-1.00
1000,0,29.25,-1.00
1000,0,62.07,-1.00
1000,0,26.07,-1.00
1000,0,23.72,-1.00
1000,0,79.62,-1.00
1000,0,38.72,-1.00
1000,0,21.45,-1.00
1000,0,55.54,-1.00
1000,0,30.66,-1.00
1000,0,36.00,-1.00
1000,0,45.40,-1.00
1000,0,25.43,-1.00
1000,0,30.27,-1.00
1000,0,30.29,-1.00
1000,0,30.94,-1.00
1000,0,22.70,-1.00
1000,0,48.65,-1.00
1000,0,50.81,-1.00
1000,0,111.22,-1.00
1000,0,22.69,-1.00
1000,0,56.79,-1.00
1000,0,19.76,-1.00
1000,0,35.61,-1.00
1000,0,43.13,-1.00
1000,0,104.48,-1.00
1000,0,33.31,-1.00
1000,0,53.74,-1.00
1000,0,34.47,-1.00
1000,0,18.73,-1.00
1000,0,25.91,-1.00
1000,0,50.28,-1.00
1000,0,77.51,-1.00
1000,0,41.59,-1.00
1000,0,73.20,-1.00
1000,0,39.41,-1.00
1000,0,47.22,-1.00
1000,0,33.11,-1.00
1000,0,50.33,-1.00
1000,0,38.23,-1.00
1000,0,16.85,-1.00
1000,0,24.25,-1.00
1000,0,24.76,-1.00
1000,0,35.89,-1.00
1000,0,28.60,-1.00
1000,0,25.93,-1.00
1000,0,52.04,-1.00
1000,0,25.21,-1.00
1000,0,58.64,-1.00
1000,0,31.35,-1.00
1000,0,38.77,-1.00
1000,0,21.21,-1.00
1000,0,33.62,-1.00
1000,0,66.68,-1.00
1000,0,61.01,-1.00
1000,0,20.29,-1.00
1000,0,62.66,-1.00
1000,0,62.98,-1.00
1000,0,17.58,-1.00
1000,0,68.14,-1.00
1000,0,29.58,-1.00
1000,0,33.16,-1.00
1000,0,31.92,-1.00
1000,0,116.64,-1.00
1000,0,29.94,-1.00
1000,0,34.70,-1.00
1000,0,55.89,-1.00
1000,0,20.39,-1.00
1000,0,29.65,-1.00
1000,0,31.72,-1.00
1000,0,23.66,-1.00
1000,0,36.94,-1.00
1000,0,74.05,-1.00
1000,0,63.78,-1.00
1000,0,29.03,-1.00
1000,0,11.99,-1.00
1000,0,56.05,-1.00
1000,0,16.01,-1.00
1000,0,27.00,-1.00
1000,0,42.25,-1.00
1000,0,24.62,-1.00
1000,0,40.66,-1.00
1000,0,68.79,-1.00
1000,0,38.26,-1.00
1000,0,15.64,-1.00
1000,0,22.98,-1.00
1000,0,25.96,-1.00
1000,0,66.32,-1.00
1000,0,51.08,-1.00
1000,0,66.36,-1.00
1000,0,89.60,-1.00
1000,0,49.51,-1.00
1000,0,44.33,-1.00
1000,0,31.77,-1.00
1000,0,21.38,-1.00
1000,0,16.97,-1.00
1000,0,27.32,-1.00
1000,0,63.06,-1.00
1000,0,51.13,-1.00
1000,0,14.73,-1.00
1000,0,33.12,-1.00
1000,0,62.49,-1.00
1000,0,40.96,-1.00
1000,0,25.34,-1.00
1000,0,99.81,-1.00
1000,0,35.36,-1.00
1000,0,23.25,-1.00
1000,0,21.87,-1.00
1000,0,112.01,-1.00
1000,0,41.12,-1.00
1000,0,76.52,-1.00
1000,0,27.33,-1.00
1000,0,63.92,-1.00
1000,0,18.83,-1.00
1000,0,75.86,-1.00
1000,0,24.85,-1.00
1000,0,89.49,-1.00
1000,0,63.25,-1.00
1000,0,36.74,-1.00
1000,0,28.46,-1.00
1000,0,32.11,-1.00
1000,0,53.14,-1.00
1000,0,81.99,-1.00
1000,0,53.78,-1.00
1000,0,17.59,-1.00
1000,0,39.08,-1.00
1000,0,31.36,-1.00
1000,0,42.10,-1.00
1000,0,107.06,-1.00
1000,0,46.49,-1.00
1000,0,28.27,-1.00
1000,0,95.56,-1.00
1000,0,44.44,-1.00
1000,0,49.73,-1.00
1000,0,41.67,-1.00
1000,0,46.51,-1.00
1000,0,25.45,-1.00
1000,0,24.21,-1.00
1000,0,27.40,-1.00
1000,0,54.92,-1.00
1000,0,44.44,-1.00
1000,0,148.17,-1.00
1000,0,20.98,-1.00
1000,0,65.21,-1.00
1000,0,42.41,-1.00
1000,0,18.19,-1.00
1000,0,54.23,-1.00
1000,0,33.38,-1.00
1000,0,37.39,-1.00
1000,0,25.01,-1.00
1000,0,36.16,-1.00
1000,0,36.79,-1.00
1000,0,79.55,-1.00
1000,0,99.59,-1.00
1000,0,39.02,-1.00
1000,0,44.21,-1.00
1000,0,67.42,-1.00
1000,0,66.31,-1.00
1000,0,41.51,-1.00
1000,0,45.13,-1.00
1000,0,24.45,-1.00
1000,0,55.37,-1.00
1000,0,32.94,-1.00
1000,0,43.84,-1.00
1000,0,123.27,-1.00
1000,0,29.00,-1.00
1000,0,65.65,-1.00
1000,0,59.96,-1.00
1000,0,27.37,-1.00
1000,0,30.55,-1.00
1000,0,75.86,-1.00
1000,0,24.90,-1.00
1000,0,48.10,-1.00
1000,0,40.75,-1.00
1000,0,27.48,-1.00
1000,0,35.19,-1.00
1000,0,20.18,-1.00
1000,0,91.97,-1.00
1000,0,22.95,-1.00
1000,0,41.78,-1.00
1000,0,35.34,-1.00
1000,0,89.77,-1.00
1000,0,41.61,-1.00
1000,0,30.25,-1.00
1000,0,34.12,-1.00
1000,0,41.21,-1.00
1000,0,36.86,-1.00
1000,0,49.08,-1.00
1000,0,37.38,-1.00
1000,0,87.72,-1.00
1000,0,19.51,-1.00
1000,0,54.58,-1.00
1000,0,45.10,-1.00
1000,0,30.93,-1.00
1000,0,47.61,-1.00
1000,0,28.31,-1.00
1000,0,47.54,-1.00
1000,0,23.81,-1.00
1000,0,55.14,-1.00
1000,0,37.76,-1.00
1000,0,88.92,-1.00
1000,0,64.02,-1.00
1000,0,52.42,-1.00
1000,0,55.94,-1.00
1000,0,46.10,-1.00
1000,0,22.57,-1.00
1000,0,33.58,-1.00
1000,0,46.35,-1.00
1000,0,60.04,-1.00
1000,0,26.22,-1.00
1000,0,83.12,-1.00
1000,0,57.42,-1.00
1000,0,21.78,-1.00
1000,0,40.69,-1.00
1000,0,41.56,-1.00
1000,0,35.21,-1.00
1000,0,38.71,-1.00
1000,0,41.29,-1.00
1000,0,19.82,-1.00
1000,0,52.63,-1.00
1000,0,32.51,-1.00
1000,0,21.58,-1.00
1000,0,50.83,-1.00
1000,0,23.43,-1.00
1000,0,77.98,-1.00
1000,0,59.84,-1.00
1000,0,62.63,-1.00
1000,0,63.42,-1.00
1000,0,22.57,-1.00
1000,0,93.71,-1.00
1000,0,18.83,-1.00
1000,0,47.89,-1.00
1000,0,115.85,-1.00
1000,0,22.09,-1.00
1000,0,28.28,-1.00
1000,0,64.42,-1.00
1000,0,69.01,-1.00
1000,0,33.55,-1.00
1000,0,38.38,-1.00
1000,0,78.38,-1.00
1000,0,45.57,-1.00
1000,0,22.37,-1.00
1000,0,20.01,-1.00
1000,0,38.59,-1.00
1000,0,41.99,-1.00
1000,0,42.71,-1.00
1000,0,49.29,-1.00
1000,0,34.89,-1.00
1000,0,53.70,-1.00
1000,0,29.62,-1.00
1000,0,48.57,-1.00
1000,0,61.43,-1.00
1000,0,16.55,-1.00
1000,0,40.72,-1.00
1000,0,27.93,-1.00
1000,0,58.49,-1.00
1000,0,31.35,-1.00
1000,0,31.51,-1.00
1000,0,37.79,-1.00
1000,0,22.57,-1.00
1000,0,42.83,-1.00
1000,0,61.13,-1.00
1000,0,103.41,-1.00
1000,0,68.20,-1.00
1000,0,49.76,-1.00
1000,0,27.68,-1.00
1000,0,29.99,-1.00
1000,0,51.71,-1.00
1000,0,68.14,-1.00
1000,0,23.58,-1.00
1000,0,85.43,-1.00
1000,0,17.12,-1.00
1000,0,21.45,-1.00
1000,0,52.89,-1.00
1000,0,56.31,-1.00
1000,0,50.09,-1.00
1000,0,43.93,-1.00
1000,0,30.19,-1.00
1000,0,31.50,-1.00
1000,0,34.87,-1.00
1000,0,31.19,-1.00
1000,0,55.81,-1.00
1000,0,27.11,-1.00
1000,0,33.54,-1.00
1000,0,31.54,-1.00
1000,0,24.54,-1.00
1000,0,31.54,-1.00
1000,0,30.25,-1.00
1000,0,35.46,-1.00
1000,0,82.33,-1.00
1000,0,123.07,-1.00
1000,0,58.46,-1.00
1000,0,47.28,-1.00
1000,0,41.76,-1.00
1000,0,49.38,-1.00
1000,0,78.58,-1.00
1000,0,61.20,-1.00
1000,0,16.93,-1.00
1000,0,41.32,-1.00
1000,0,45.40,-1.00
1000,0,32.28,-1.00
1000,0,20.55,-1.00
1000,0,44.44,-1.00
1000,0,57.44,-1.00
1000,0,65.69,-1.00
1000,0,17.33,-1.00
1000,0,44.18,-1.00
1000,0,47.62,-1.00
1000,0,49.40,-1.00
1000,0,18.26,-1.00
1000,0,112.93,-1.00
1000,0,33.50,-1.00
1000,0,41.99,-1.00
1000,0,38.85,-1.00
1000,0,38.45,-1.00
1000,0,22.53,-1.00
1000,0,51.50,-1.00
1000,0,22.52,-1.00
1000,0,27.52,-1.00
1000,0,32.17,-1.00
1000,0,71.68,-1.00
1000,0,63.41,-1.00
1000,0,83.62,-1.00
1000,0,77.92,-1.00
1000,0,28.49,-1.00
1000,0,37.22,-1.00
1000,0,47.38,-1.00
1000,0,27.32,-1.00
1000,0,90.23,-1.00
1000,0,81.54,-1.00
1000,0,57.92,-1.00
1000,0,34.24,-1.00
1000,0,26.65,-1.00
1000,0,24.48,-1.00
1000,0,57.05,-1.00
1000,0,65.33,-1.00
1000,0,65.53,-1.00
1000,0,23.00,-1.00
1000,0,27.39,-1.00
1000,0,91.44,-1.00
1000,0,26.63,-1.00
1000,0,22.74,-1.00
1000,0,71.74,-1.00
1000,0,35.65,-1.00
1000,0,38.35,-1.00
1000,0,22.99,-1.00
1000,0,17.32,-1.00
1000,0,34.37,-1.00
1000,0,19.48,-1.00
1000,0,20.69,-1.00
1000,0,88.78,-1.00
1000,0,23.06,-1.00
1000,0,64.73,-1.00
1000,0,44.42,-1.00
1000,0,66.54,-1.00
1000,0,104.39,-1.00
1000,0,52.43,-1.00
1000,0,88.62,-1.00
1000,0,30.06,-1.00
1000,0,50.62,-1.00
1000,0,25.47,-1.00
1000,0,50.76,-1.00
1000,0,27.40,-1.00
1000,0,26.99,-1.00
1000,0,60.38,-1.00
1000,0,49.54,-1.00
1000,0,65.36,-1.00
1000,0,34.72,-1.00
1000,0,86.63,-1.00
1000,0,25.02,-1.00
1000,0,41.10,-1.00
1000,0,55.59,-1.00
1000,0,20.86,-1.00
1000,0,37.31,-1.00
1000,0,113.53,-1.00
1000,0,31.90,-1.00
1000,0,37.50,-1.00
1000,0,25.76,-1.00
1000,0,33.82,-1.00
1000,0,56.96,-1.00
1000,0,30.29,-1.00
1000,0,15.48,-1.00
1000,0,28.85,-1.00
1000,0,37.01,-1.00
1000,0,45.75,-1.00
1000,0,42.98,-1.00
1000,0,62.96,-1.00
1000,0,42.76,-1.00
1000,0,46.79,-1.00
1000,0,36.15,-1.00
1000,0,52.66,-1.00
1000,0,41.00,-1.00
1000,0,36.28,-1.00
1000,0,42.42,-1.00
1000,0,67.15,-1.00
1000,0,21.88,-1.00
1000,0,20.02,-1.00
1000,0,77.88,-1.00
1000,0,61.35,-1.00
1000,0,27.14,-1.00
1000,0,40.48,-1.00
1000,0,51.75,-1.00
1000,0,76.07,-1.00
1000,0,60.92,-1.00
1000,0,32.26,-1.00
1000,0,51.03,-1.00
1000,0,42.26,-1.00
1000,0,52.37,-1.00
1000,0,20.02,-1.00
1000,0,21.96,-1.00
1000,0,154.96,-1.00
1000,0,49.81,-1.00
1000,0,33.91,-1.00
1000,0,29.93,-1.00
1000,0,52.55,-1.00
1000,0,88.61,-1.00
1000,0,20.89,-1.00
1000,0,47.23,-1.00
1000,0,87.10,-1.00
1000,0,46.23,-1.00
1000,0,51.61,-1.00
1000,0,26.59,-1.00
1000,0,45.15,-1.00
1000,0,30.59,-1.00
1000,0,37.01,-1.00
1000,0,18.36,-1.00
1000,0,100.61,-1.00
1000,0,67.86,-1.00
1000,0,94.59,-1.00
1000,0,46.00,-1.00
1000,0,47.66,-1.00
1000,0,28.64,-1.00
1000,0,20.39,-1.00
1000,0,39.26,-1.00
1000,0,73.96,-1.00
1000,0,23.05,-1.00
1000,0,24.58,-1.00
1000,0,41.23,-1.00
1000,0,50.29,-1.00
1000,0,26.59,-1.00
1000,0,44.56,-1.00
1000,0,27.27,-1.00
1000,0,34.36,-1.00
1000,0,63.38,-1.00
1000,0,83.88,-1.00
1000,0,15.28,-1.00
1000,0,16.79,-1.00
1000,0,52.59,-1.00
1000,0,25.18,-1.00
1000,0,45.40,-1.00
1000,0,34.72,-1.00
1000,0,80.63,-1.00
1000,0,49.40,-1.00
1000,0,24.39,-1.00
1000,0,43.64,-1.00
1000,0,47.93,-1.00
1000,0,63.27,-1.00
1000,0,15.91,-1.00
1000,0,68.43,-1.00
1000,0,43.23,-1.00
1000,0,39.14,-1.00
1000,0,58.54,-1.00
1000,0,37.70,-1.00
1000,0,65.44,-1.00
1000,0,16.92,-1.00
1000,0,35.70,-1.00
1000,0,37.89,-1.00
1000,0,46.06,-1.00
1000,0,65.63,-1.00
1000,0,36.01,-1.00
1000,0,18.60,-1.00
1000,0,79.51,-1.00
1000,0,19.07,-1.00
1000,0,38.71,-1.00
1000,0,12.69,-1.00
1000,0,130.84,-1.00
1000,0,56.71,-1.00
1000,0,90.15,-1.00
1000,0,40.19,-1.00
1000,0,34.08,-1.00
1000,0,53.19,-1.00
1000,0,46.10,-1.00
1000,0,37.47,-1.00
1000,0,48.14,-1.00
1000,0,42.02,-1.00
1000,0,46.52,-1.00
1000,0,32.13,-1.00
1000,0,28.92,-1.00
1000,0,27.45,-1.00
1000,0,49.14,-1.00
1000,0,32.18,-1.00
1000,0,83.25,-1.00
1000,0,73.40,-1.00
1000,0,81.22,-1.00
1000,0,52.76,-1.00
1000,0,30.30,-1.00
1000,0,43.12,-1.00
1000,0,19.78,-1.00
1000,0,40.89,-1.00
1000,0,132.04,-1.00
1000,0,20.48,-1.00
1000,0,96.49,-1.00
1000,0,50.65,-1.00
1000,0,27.62,-1.00
1000,0,70.43,-1.00
1000,0,33.14,-1.00
1000,0,33.90,-1.00
1000,0,21.17,-1.00
1000,0,32.89,-1.00
1000,0,60.63,-1.00
1000,0,39.45,-1.00
1000,0,70.92,-1.00
1000,0,51.08,-1.00
1000,0,74.07,-1.00
1000,0,25.13,-1.00
1000,0,32.12,-1.00
1000,0,36.54,-1.00
1000,0,53.46,-1.00
1000,0,42.40,-1.00
1000,0,29.16,-1.00
1000,0,72.98,-1.00
1000,0,92.65,-1.00
1000,0,133.82,-1.00
1000,0,52.46,-1.00
1000,0,97.15,-1.00
1000,0,28.70,-1.00
1000,0,69.67,-1.00
1000,0,35.22,-1.00
1000,0,42.90,-1.00
1000,0,32.32,-1.00
1000,0,38.34,-1.00
1000,0,36.04,-1.00
1000,0,56.23,-1.00
1000,0,69.05,-1.00
1000,0,47.56,-1.00
1000,0,23.16,-1.00
1000,0,67.11,-1.00
1000,0,38.03,-1.00
1000,0,27.00,-1.00
1000,0,35.63,-1.00
1000,0,24.96,-1.00
1000,0,56.59,-1.00
1000,0,45.71,-1.00
1000,0,23.99,-1.00
1000,0,46.46,-1.00
1000,0,38.01,-1.00
1000,0,21.58,-1.00
1000,0,89.02,-1.00
1000,0,41.83,-1.00
1000,0,82.91,-1.00
1000,0,103.86,-1.00
1000,0,17.21,-1.00
1000,0,40.41,-1.00
1000,0,49.79,-1.00
1000,0,69.17,-1.00
1000,0,42.84,-1.00
1000,0,49.46,-1.00
1000,0,45.47,-1.00
1000,0,18.72,-1.00
1000,0,17.53,-1.00
1000,0,48.68,-1.00
1000,0,73.73,-1.00
1000,0,22.01,-1.00
1000,0,35.36,-1.00
1000,0,38.15,-1.00
1000,0,37.85,-1.00
1000,0,27.16,-1.00
1000,0,25.77,-1.00
1000,0,26.57,-1.00
1000,0,41.43,-1.00
1000,0,28.16,-1.00
1000,0,61.64,-1.00
1000,0,32.51,-1.00
1000,0,81.27,-1.00
1000,0,60.36,-1.00
1000,0,30.67,-1.00
1000,0,29.26,-1.00
1000,0,35.53,-1.00
1000,0,47.23,-1.00
1000,0,58.61,-1.00
1000,0,39.57,-1.00
1000,0,34.69,-1.00
1000,0,47.44,-1.00
1000,0,11.56,-1.00
1000,0,35.76,-1.00
1000,0,36.16,-1.00
1000,0,25.12,-1.00
1000,0,80.98,-1.00
1000,0,31.11,-1.00
1000,0,48.23,-1.00
1000,0,22.11,-1.00
1000,0,45.46,-1.00
1000,0,44.95,-1.00
1000,0,57.54,-1.00
1000,0,33.16,-1.00
1000,0,19.77,-1.00
1000,0,42.55,-1.00
1000,0,15.66,-1.00
1000,0,45.94,-1.00
1000,0,37.80,-1.00
1000,0,44.75,-1.00
1000,0,36.35,-1.00
1000,0,113.91,-1.00
1000,0,78.12,-1.00
1000,0,48.46,-1.00
1000,0,28.78,-1.00
1000,0,36.24,-1.00
1000,0,58.03,-1.00
1000,0,112.07,-1.00
1000,0,67.10,-1.00
1000,0,37.55,-1.00
1000,0,41.34,-1.00
1000,0,67.39,-1.00
1000,0,21.27,-1.00
1000,0,41.68,-1.00
1000,0,43.88,-1.00
1000,0,101.52,-1.00
1000,0,28.33,-1.00
1000,0,18.72,-1.00
1000,0,72.10,-1.00
1000,0,26.00,-1.00
1000,0,23.90,-1.00
1000,0,21.91,-1.00
1000,0,29.02,-1.00
1000,0,96.75,-1.00
1000,0,38.86,-1.00
1000,0,41.07,-1.00
1000,0,28.31,-1.00
1000,0,22.90,-1.00
1000,0,29.05,-1.00
1000,0,43.34,-1.00
1000,0,34.91,-1.00
1000,0,16.68,-1.00
1000,0,101.29,-1.00
1000,0,22.23,-1.00
1000,0,25.08,-1.00
1000,0,79.76,-1.00
1000,0,36.85,-1.00
1000,0,30.86,-1.00
1000,0,55.06,-1.00
1000,0,16.64,-1.00
1000,0,29.06,-1.00
1000,0,16.88,-1.00
1000,0,34.81,-1.00
1000,0,193.75,-1.00
1000,0,23.36,-1.00
1000,0,34.03,-1.00
1000,0,31.39,-1.00
1000,0,40.91,-1.00
1000,0,26.62,-1.00
1000,0,57.03,-1.00
1000,0,22.56,-1.00
1000,0,54.62,-1.00
1000,0,36.48,-1.00
1000,0,46.37,-1.00
1000,0,56.42,-1.00
1000,0,19.52,-1.00
1000,0,47.97,-1.00
1000,0,45.82,-1.00
1000,0,71.65,-1.00
1000,0,24.86,-1.00
1000,0,36.25,-1.00
1000,0,34.24,-1.00
1000,0,27.41,-1.00
1000,0,76.29,-1.00
1000,0,51.90,-1.00
1000,0,54.48,-1.00
1000,0,29.93,-1.00
1000,0,36.66,-1.00
1000,0,27.86,-1.00
1000,0,40.68,-1.00
1000,0,22.52,-1.00
1000,0,17.48,-1.00
1000,0,46.55,-1.00
1000,0,27.16,-1.00
1000,0,36.80,-1.00
1000,0,64.42,-1.00
1000,0,43.61,-1.00
1000,0,44.27,-1.00
1000,0,73.69,-1.00
1000,0,69.43,-1.00
1000,0,23.49,-1.00
1000,0,31.07,-1.00
1000,0,28.93,-1.00
1000,0,30.54,-1.00
1000,0,32.54,-1.00
1000,0,66.02,-1.00
1000,0,63.71,-1.00
1000,0,17.32,-1.00
1000,0,24.31,-1.00
1000,0,48.06,-1.00
1000,0,61.00,-1.00
1000,0,30.72,-1.00
1000,0,66.99,-1.00
1000,0,35.46,-1.00
1000,0,29.12,-1.00
1000,0,38.75,-1.00
1000,0,40.92,-1.00
1000,0,46.26,-1.00
1000,0,26.96,-1.00
1000,0,26.29,-1.00
1000,0,37.26,-1.00
1000,0,30.09,-1.00
1000,0,32.79,-1.00
1000,0,26.05,-1.00
1000,0,21.22,-1.00
1000,0,49.98,-1.00
1000,0,20.92,-1.00
1000,0,74.96,-1.00
1000,0,25.04,-1.00
1000,0,19.68,-1.00
1000,0,35.34,-1.00
1000,0,28.02,-1.00
1000,0,59.76,-1.00
1000,0,55.44,-1.00
1000,0,42.65,-1.00
1000,0,114.88,-1.00
1000,0,43.26,-1.00
1000,0,27.47,-1.00
1000,0,21.10,-1.00
1000,0,26.50,-1.00
1000,0,25.25,-1.00
1000,0,12.10,-1.00
1000,0,121.23,-1.00
1000,0,70.70,-1.00
1000,0,49.41,-1.00
1000,0,24.12,-1.00
1000,0,33.21,-1.00
1000,0,44.26,-1.00
1000,0,20.55,-1.00
1000,0,41.30,-1.00
1000,0,22.10,-1.00
1000,0,19.86,-1.00
1000,0,49.62,-1.00
1000,0,49.30,-1.00
1000,0,40.62,-1.00
1000,0,27.09,-1.00
1000,0,18.86,-1.00
1000,0,29.45,-1.00
1000,0,32.34,-1.00
1000,0,23.96,-1.00
1000,0,12.70,-1.00
1000,0,37.62,-1.00
1000,0,59.40,-1.00
1000,0,30.86,-1.00
1000,0,14.03,-1.00
1000,0,19.33,-1.00
1000,0,16.51,-1.00
1000,0,26.34,-1.00
1000,0,18.33,-1.00
1000,0,15.21,-1.00
1000,0,25.97,-1.00
1000,0,131.75,-1.00
1000,0,19.19,-1.00
1000,0,44.80,-1.00
1000,0,70.37,-1.00
1000,0,49.86,-1.00
1000,0,39.69,-1.00
1000,0,101.04,-1.00
1000,0,49.90,-1.00
1000,0,39.39,-1.00
1000,0,31.83,-1.00
1000,0,24.84,-1.00
1000,0,35.52,-1.00
1000,0,44.27,-1.00
1000,0,63.58,-1.00
1000,0,28.79,-1.00
1000,0,52.08,-1.00
1000,0,43.52,-1.00
1000,0,47.58,-1.00
1000,0,43.81,-1.00
1000,0,28.89,-1.00
1000,0,23.37,-1.00
1000,0,19.85,-1.00
1000,0,29.93,-1.00
1000,0,35.10,-1.00
1000,0,27.59,-1.00
1000,0,46.54,-1.00
1000,0,114.32,-1.00
1000,0,90.81,-1.00
1000,0,89.65,-1.00
1000,0,58.90,-1.00
1000,0,39.03,-1.00
1000,0,30.46,-1.00
1000,0,91.56,-1.00
1000,0,52.20,-1.00
1000,0,24.32,-1.00
1000,0,66.39,-1.00
1000,0,26.87,-1.00
1000,0,35.86,-1.00
1000,0,41.96,-1.00
1000,0,27.89,-1.00
1000,0,135.96,-1.00
1000,0,26.04,-1.00
1000,0,49.44,-1.00
1000,0,77.85,-1.00
1000,0,47.22,-1.00
1000,0,47.32,-1.00
1000,0,114.63,-1.00
1000,0,21.93,-1.00
1000,0,26.01,-1.00
1000,0,47.39,-1.00
1000,0,32.40,-1.00
1000,0,13.20,-1.00
1000,0,53.76,-1.00
1000,0,31.73,-1.00
1000,0,27.61,-1.00
1000,0,41.64,-1.00
1000,0,73.64,-1.00
1000,0,31.02,-1.00
1000,0,42.40,-1.00
1000,0,40.47,-1.00
1000,0,26.90,-1.00
1000,0,78.24,-1.00
1000,0,14.68,-1.00
1000,0,96.61,-1.00
1000,0,130.65,-1.00
1000,0,52.73,-1.00
1000,0,17.44,-1.00
1000,0,89.29,-1.00
1000,0,19.51,-1.00
1000,0,37.30,-1.00
1000,0,33.02,-1.00
1000,0,18.32,-1.00
1000,0,18.33,-1.00
1000,0,31.70,-1.00
1000,0,21.12,-1.00
1000,0,61.32,-1.00
1000,0,19.79,-1.00
1000,0,36.33,-1.00
1000,0,195.12,-1.00
1000,0,30.03,-1.00
1000,0,31.85,-1.00
1000,0,37.63,-1.00
1000,0,49.95,-1.00
1000,0,53.19,-1.00
1000,0,23.77,-1.00
1000,0,70.89,-1.00
1000,0,48.38,-1.00
1000,0,42.01,-1.00
1000,0,23.25,-1.00
1000,0,59.69,-1.00
1000,0,56.34,-1.00
1000,0,59.46,-1.00
1000,0,45.06,-1.00
1000,0,83.71,-1.00
1000,0,27.80,-1.00
1000,0,36.99,-1.00
1000,0,34.65,-1.00
1000,0,55.15,-1.00
1000,0,54.97,-1.00
1000,0,31.88,-1.00
1000,0,64.73,-1.00
1000,0,34.53,-1.00
1000,0,51.00,-1.00
1000,0,41.58,-1.00
1000,0,38.40,-1.00
1000,0,112.92,-1.00
1000,0,36.83,-1.00
1000,0,23.82,-1.00
1000,0,71.10,-1.00
1000,0,24.50,-1.00
1000,0,12.27,-1.00
1000,0,41.88,-1.00
1000,0,50.56,-1.00
1000,0,42.37,-1.00
1000,0,16.50,-1.00
1000,0,22.94,-1.00
1000,0,82.05,-1.00
1000,0,54.14,-1.00
1000,0,49.27,-1.00
1000,0,40.95,-1.00
1000,0,14.53,-1.00
1000,0,38.97,-1.00
1000,0,41.54,-1.00
1000,0,105.36,-1.00
1000,0,28.56,-1.00
1000,0,42.34,-1.00
1000,0,39.73,-1.00
1000,0,81.49,-1.00
1000,0,30.92,-1.00
1000,0,27.58,-1.00
1000,0,22.03,-1.00
1000,0,47.18,-1.00
1000,0,38.36,-1.00
1000,0,39.78,-1.00
1000,0,34.87,-1.00
1000,0,36.67,-1.00
1000,0,37.73,-1.00
1000,0,40.28,-1.00
1000,0,42.85,-1.00
1000,0,31.89,-1.00
1000,0,27.40,-1.00
1000,0,28.09,-1.00
1000,0,77.75,-1.00
1000,0,17.92,-1.00
1000,0,35.89,-1.00
1000,0,59.54,-1.00
1000,0,55.19,-1.00
1000,0,24.58,-1.00
1000,0,37.77,-1.00
1000,0,18.28,-1.00
1000,0,46.04,-1.00
1000,0,29.54,-1.00
1000,0,40.92,-1.00
1000,0,13.47,-1.00
1000,0,64.86,-1.00
1000,0,17.51,-1.00
1000,0,27.06,-1.00
1000,0,30.98,-1.00
1000,0,107.14,-1.00
1000,0,22.40,-1.00
1000,0,40.28,-1.00
1000,0,35.93,-1.00
1000,0,30.98,-1.00
1000,0,16.31,-1.00
1000,0,118.31,-1.00
1000,0,67.53,-1.00
1000,0,48.08,-1.00
1000,0,32.00,-1.00
1000,0,27.61,-1.00
1000,0,30.92,-1.00
1000,0,22.09,-1.00
1000,0,51.66,-1.00
1000,0,79.30,-1.00
1000,0,59.82,-1.00
1000,0,35.63,-1.00
1000,0,40.10,-1.00
1000,0,54.60,-1.00
1000,0,125.62,-1.00
1000,0,46.88,-1.00
1000,0,28.71,-1.00
1000,0,73.99,-1.00
1000,0,49.89,-1.00
1000,0,75.25,-1.00
1000,0,10.33,-1.00
1000,0,52.81,-1.00
1000,0,22.61,-1.00
1000,0,63.46,-1.00
1000,0,22.26,-1.00
1000,0,52.25,-1.00
1000,0,36.47,-1.00
1000,0,53.60,-1.00
1000,0,16.09,-1.00
1000,0,20.87,-1.00
1000,0,27.88,-1.00
1000,0,31.53,-1.00
1000,0,53.31,-1.00
1000,0,44.97,-1.00
1000,0,94.93,-1.00
1000,0,46.85,-1.00
1000,0,43.55,-1.00
1000,0,21.84,-1.00
1000,0,57.68,-1.00
1000,0,41.35,-1.00
1000,0,112.25,-1.00
1000,0,41.43,-1.00
1000,0,47.66,-1.00
1000,0,28.06,-1.00
1000,0,21.67,-1.00
1000,0,27.78,-1.00
1000,0,20.02,-1.00
1000,0,49.76,-1.00
1000,0,35.43,-1.00
1000,0,85.20,-1.00
1000,0,35.25,-1.00
1000,0,81.07,-1.00
1000,0,26.59,-1.00
1000,0,15.30,-1.00
1000,0,26.95,-1.00
1000,0,26.38,-1.00
1000,0,54.35,-1.00
1000,0,57.77,-1.00
1000,0,57.89,-1.00
1000,0,37.66,-1.00
1000,0,38.11,-1.00
1000,0,43.42,-1.00
1000,0,53.25,-1.00
1000,0,21.24,-1.00
1000,0,110.07,-1.00
1000,0,24.61,-1.00
1000,0,17.56,-1.00
1000,0,104.41,-1.00
1000,0,37.18,-1.00
1000,0,79.36,-1.00
1000,0,32.88,-1.00
1000,0,29.82,-1.00
1000,0,71.56,-1.00
1000,0,41.59,-1.00
1000,0,24.03,-1.00
1000,0,36.91,-1.00
1000,0,18.79,-1.00
1000,0,36.26,-1.00
1000,0,59.03,-1.00
1000,0,27.09,-1.00
1000,0,30.03,-1.00
1000,0,53.71,-1.00
1000,0,47.27,-1.00
1000,0,28.12,-1.00
1000,0,38.44,-1.00
1000,0,39.03,-1.00
1000,0,73.82,-1.00
1000,0,28.69,-1.00
1000,0,58.22,-1.00
1000,0,73.18,-1.00
1000,0,121.01,-1.00
1000,0,34.96,-1.00
1000,0,43.35,-1.00
1000,0,30.10,-1.00
1000,0,75.96,-1.00
1000,0,48.40,-1.00
1000,0,29.94,-1.00
1000,0,27.86,-1.00
1000,0,40.56,-1.00
1000,0,31.52,-1.00
1000,0,19.65,-1.00
1000,0,33.00,-1.00
1000,0,48.13,-1.00
1000,0,87.16,-1.00
1000,0,38.17,-1.00
1000,0,39.67,-1.00
1000,0,42.46,-1.00
1000,0,67.75,-1.00
1000,0,119.48,-1.00
1000,0,38.65,-1.00
1000,0,79.19,-1.00
1000,0,24.87,-1.00
1000,0,79.56,-1.00
1000,0,30.12,-1.00
1000,0,24.32,-1.00
1000,0,28.75,-1.00
1000,0,20.41,-1.00
1000,0,53.48,-1.00
1000,0,49.89,-1.00
1000,0,78.68,-1.00
1000,0,23.99,-1.00
1000,0,40.80,-1.00
1000,0,35.14,-1.00
1000,0,94.49,-1.00
1000,0,81.21,-1.00
1000,0,87.22,-1.00
1000,0,42.29,-1.00
1000,0,70.08,-1.00
1000,0,26.43,-1.00
1000,0,84.56,-1.00
1000,0,78.19,-1.00
1000,0,25.75,-1.00
1000,0,81.54,-1.00
1000,0,31.33,-1.00
1000,0,24.21,-1.00
1000,0,33.86,-1.00
1000,0,23.73,-1.00
1000,0,56.61,-1.00
1000,0,72.14,-1.00
1000,0,40.76,-1.00
1000,0,40.81,-1.00
1000,0,43.42,-1.00
1000,0,23.26,-1.00
1000,0,21.64,-1.00
1000,0,39.43,-1.00
1000,0,53.91,-1.00
1000,0,57.25,-1.00
1000,0,66.93,-1.00
1000,0,43.38,-1.00
1000,0,21.83,-1.00
1000,0,56.79,-1.00
1000,0,47.17,-1.00
1000,0,36.76,-1.00
1000,0,52.99,-1.00
1000,0,50.67,-1.00
1000,0,37.27,-1.00
1000,0,38.37,-1.00
1000,0,31.35,-1.00
1000,0,18.49,-1.00
1000,0,38.50,-1.00
1000,0,20.60,-1.00
1000,0,18.79,-1.00
1000,0,85.35,-1.00
1000,0,28.34,-1.00
1000,0,28.68,-1.00
1000,0,75.32,-1.00
1000,0,30.38,-1.00
1000,0,32.60,-1.00
1000,0,45.36,-1.00
1000,0,96.00,-1.00
1000,0,49.36,-1.00
1000,0,38.50,-1.00
1000,0,64.18,-1.00
1000,0,23.76,-1.00
1000,0,48.12,-1.00
1000,0,51.74,-1.00
1000,0,19.80,-1.00
1000,0,29.73,-1.00
1000,0,35.14,-1.00
1000,0,21.41,-1.00
1000,0,32.97,-1.00
1000,0,19.95,-1.00
1000,0,57.19,-1.00
1000,0,86.76,-1.00
1000,0,24.47,-1.00
1000,0,31.14,-1.00
1000,0,73.29,-1.00
1000,0,33.18,-1.00
1000,0,32.46,-1.00
1000,0,115.30,-1.00
1000,0,27.94,-1.00
1000,0,24.19,-1.00
1000,0,19.04,-1.00
1000,0,113.85,-1.00
1000,0,38.76,-1.00
1000,0,34.15,-1.00
1000,0,55.44,-1.00
1000,0,49.88,-1.00
1000,0,31.96,-1.00
1000,0,20.04,-1.00
1000,0,24.25,-1.00
1000,0,20.44,-1.00
1000,0,9.41,-1.00
1000,0,47.60,-1.00
1000,0,23.22,-1.00
1000,0,37.37,-1.00
1000,0,111.86,-1.00
1000,0,31.67,-1.00
1000,0,50.94,-1.00
1000,0,49.99,-1.00
1000,0,46.27,-1.00
1000,0,22.67,-1.00
1000,0,20.01,-1.00
1000,0,20.92,-1.00
1000,0,36.40,-1.00
1000,0,65.84,-1.00
1000,0,17.35,-1.00
1000,0,38.09,-1.00
1000,0,120.75,-1.00
1000,0,44.63,-1.00
1000,0,64.37,-1.00
1000,0,121.67,-1.00
1000,0,32.50,-1.00
1000,0,28.48,-1.00
1000,0,38.23,-1.00
1000,0,59.14,-1.00
1000,0,31.87,-1.00
1000,0,53.53,-1.00
1000,0,58.05,-1.00
1000,0,34.31,-1.00
1000,0,29.22,-1.00
1000,0,35.41,-1.00
1000,0,35.81,-1.00
1000,0,34.97,-1.00
1000,0,36.80,-1.00
1000,0,26.08,-1.00
1000,0,23.81,-1.00
1000,0,108.19,-1.00
1000,0,28.07,-1.00
1000,0,56.66,-1.00
1000,0,56.80,-1.00
1000,0,58.92,-1.00
1000,0,30.56,-1.00
1000,0,46.39,-1.00
1000,0,68.88,-1.00
1000,0,62.21,-1.00
1000,0,46.73,-1.00
1000,0,93.91,-1.00
1000,0,32.52,-1.00
1000,0,28.41,-1.00
1000,0,37.76,-1.00
1000,0,30.74,-1.00
1000,0,23.01,-1.00
1000,0,23.97,-1.00
1000,0,40.57,-1.00
1000,0,49.82,-1.00
1000,0,71.83,-1.00
1000,0,23.66,-1.00
1000,0,27.63,-1.00
1000,0,61.81,-1.00
1000,0,102.45,-1.00
1000,0,69.54,-1.00
1000,0,65.77,-1.00
1000,0,31.66,-1.00
1000,0,27.33,-1.00
1000,0,20.35,-1.00
1000,0,39.81,-1.00
1000,0,42.37,-1.00
1000,0,62.78,-1.00
1000,0,43.32,-1.00
1000,0,50.24,-1.00
1000,0,94.65,-1.00
1000,0,37.30,-1.00
1000,0,54.86,-1.00
1000,0,64.20,-1.00
1000,0,29.94,-1.00
1000,0,46.29,-1.00
1000,0,41.71,-1.00
1000,0,43.56,-1.00
1000,0,37.74,-1.00
1000,0,31.89,-1.00
1000,0,86.65,-1.00
1000,0,49.42,-1.00
1000,0,159.13,-1.00
1000,0,97.74,-1.00
1000,0,46.14,-1.00
1000,0,58.15,-1.00
1000,0,71.37,-1.00
1000,0,16.82,-1.00
1000,0,30.64,-1.00
1000,0,19.35,-1.00
1000,0,68.03,-1.00
1000,0,60.60,-1.00
1000,0,55.33,-1.00
1000,0,47.63,-1.00
1000,0,75.77,-1.00
1000,0,36.93,-1.00
1000,0,13.89,-1.00
1000,0,20.01,-1.00
1000,0,52.21,-1.00
1000,0,28.58,-1.00
1000,0,19.25,-1.00
1000,0,37.98,-1.00
1000,0,37.93,-1.00
1000,0,27.90,-1.00
1000,0,60.46,-1.00
1000,0,21.81,-1.00
1000,0,40.51,-1.00
1000,0,57.77,-1.00
1000,0,42.90,-1.00
1000,0,66.49,-1.00
1000,0,54.67,-1.00
1000,0,30.71,-1.00
1000,0,47.81,-1.00
1000,0,93.38,-1.00
1000,0,21.31,-1.00
1000,0,53.79,-1.00
1000,0,56.34,-1.00
1000,0,78.60,-1.00
1000,0,29.73,-1.00
1000,0,33.44,-1.00
1000,0,58.04,-1.00
1000,0,44.62,-1.00
1000,0,46.78,-1.00
1000,0,24.74,-1.00
1000,0,27.04,-1.00
1000,0,51.94,-1.00
1000,0,28.52,-1.00
1000,0,35.78,-1.00
1000,0,46.13,-1.00
1000,0,70.40,-1.00
1000,0,73.96,-1.00
1000,0,47.33,-1.00
1000,0,55.57,-1.00
1000,0,24.24,-1.00
1000,0,34.64,-1.00
1000,0,31.26,-1.00
1000,0,33.57,-1.00
1000,0,70.03,-1.00
1000,0,54.36,-1.00
1000,0,25.95,-1.00
1000,0,41.96,-1.00
1000,0,29.97,-1.00
1000,0,34.54,-1.00
1000,0,32.87,-1.00
1000,0,44.13,-1.00
1000,0,41.24,-1.00
1000,0,65.13,-1.00
1000,0,36.94,-1.00
1000,0,39.05,-1.00
1000,0,46.08,-1.00
1000,0,30.44,-1.00
1000,0,28.83,-1.00
1000,0,76.83,-1.00
1000,0,27.29,-1.00
1000,0,60.46,-1.00
1000,0,32.42,-1.00
1000,0,28.87,-1.00
1000,0,55.99,-1.00
1000,0,42.21,-1.00
1000,0,35.53,-1.00
1000,0,35.83,-1.00
1000,0,31.65,-1.00
1000,0,49.16,-1.00
1000,0,19.55,-1.00
1000,0,35.19,-1.00
1000,0,64.35,-1.00
1000,0,42.44,-1.00
1000,0,29.22,-1.00
1000,0,32.60,-1.00
1000,0,120.59,-1.00
1000,0,35.60,-1.00
1000,0,27.69,-1.00
1000,0,33.33,-1.00
1000,0,18.21,-1.00
1000,0,32.84,-1.00
1000,0,50.22,-1.00
1000,0,26.15,-1.00
1000,0,43.27,-1.00
1000,0,33.99,-1.00
1000,0,28.14,-1.00
1000,0,71.49,-1.00
1000,0,34.93,-1.00
1000,0,20.70,-1.00
1000,0,52.09,-1.00
1000,0,76.72,-1.00
1000,0,27.44,-1.00
1000,0,22.95,-1.00
1000,0,27.23,-1.00
1000,0,38.01,-1.00
1000,0,33.12,-1.00
1000,0,41.27,-1.00
1000,0,36.40,-1.00
1000,0,24.95,-1.00
1000,0,90.80,-1.00
1000,0,29.55,-1.00
1000,0,44.17,-1.00
1000,0,47.92,-1.00
1000,0,27.24,-1.00
1000,0,34.99,-1.00
1000,0,76.28,-1.00
1000,0,70.22,-1.00
1000,0,39.57,-1.00
1000,0,30.06,-1.00
1000,0,21.37,-1.00
1000,0,36.38,-1.00
1000,0,100.36,-1.00
1000,0,38.88,-1.00
1000,0,52.29,-1.00
1000,0,41.01,-1.00
1000,0,96.30,-1.00
1000,0,43.35,-1.00
1000,0,43.22,-1.00
1000,0,18.77,-1.00
1000,0,56.44,-1.00
1000,0,27.27,-1.00
1000,0,69.95,-1.00
1000,0,39.37,-1.00
1000,0,36.65,-1.00
1000,0,41.19,-1.00
1000,0,30.25,-1.00
1000,0,82.59,-1.00
1000,0,30.81,-1.00
1000,0,27.31,-1.00
1000,0,98.70,-1.00
1000,0,18.37,-1.00
1000,0,25.45,-1.00
1000,0,41.66,-1.00
1000,0,31.87,-1.00
1000,0,20.51,-1.00
1000,0,56.12,-1.00
1000,0,47.95,-1.00
1000,0,52.06,-1.00
1000,0,33.41,-1.00
1000,0,57.27,-1.00
1000,0,26.88,-1.00
1000,0,41.00,-1.00
1000,0,49.55,-1.00
1000,0,21.79,-1.00
1000,0,34.53,-1.00
1000,0,43.92,-1.00
1000,0,29.78,-1.00
1000,0,44.49,-1.00
1000,0,27.79,-1.00
1000,0,142.37,-1.00
1000,0,68.11,-1.00
1000,0,95.23,-1.00
1000,0,42.14,-1.00
1000,0,61.33,-1.00
1000,0,35.44,-1.00
1000,0,30.19,-1.00
1000,0,60.56,-1.00
1000,0,35.66,-1.00
1000,0,28.00,-1.00
1000,0,24.32,-1.00
1000,0,41.58,-1.00
1000,0,54.92,-1.00
1000,0,20.76,-1.00
1000,0,84.75,-1.00
1000,0,41.90,-1.00
1000,0,59.26,-1.00
1000,0,57.98,-1.00
1000,0,19.33,-1.00
1000,0,48.97,-1.00
1000,0,26.71,-1.00
1000,0,21.45,-1.00
1000,0,45.87,-1.00
1000,0,19.56,-1.00
1000,0,113.96,-1.00
1000,0,60.87,-1.00
1000,0,28.02,-1.00
1000,0,29.99,-1.00
1000,0,107.51,-1.00
1000,0,30.61,-1.00
1000,0,56.83,-1.00
1000,0,73.19,-1.00
1000,0,55.79,-1.00
1000,0,30.86,-1.00
1000,0,28.95,-1.00
1000,0,55.99,-1.00
1000,0,40.07,-1.00
1000,0,32.60,-1.00
1000,0,92.18,-1.00
1000,0,29.00,-1.00
1000,0,53.05,-1.00
1000,0,27.72,-1.00
1000,0,36.89,-1.00
1000,0,26.33,-1.00
1000,0,63.99,-1.00
1000,0,51.19,-1.00
1000,0,20.86,-1.00
1000,0,51.78,-1.00
1000,0,26.15,-1.00
1000,0,52.54,-1.00
1000,0,45.01,-1.00
1000,0,50.26,-1.00
1000,0,29.10,-1.00
1000,0,46.20,-1.00
1000,0,25.41,-1.00
1000,0,29.09,-1.00
1000,0,24.90,-1.00
1000,0,16.11,-1.00
1000,0,14.76,-1.00
1000,0,20.23,-1.00
1000,0,28.54,-1.00
1000,0,133.51,-1.00
1000,0,68.10,-1.00
1000,0,38.04,-1.00
1000,0,38.58,-1.00
1000,0,62.57,-1.00
1000,0,44.89,-1.00
1000,0,44.71,-1.00
1000,0,26.86,-1.00
1000,0,39.78,-1.00
1000,0,37.88,-1.00
1000,0,41.81,-1.00
1000,0,28.34,-1.00
1000,0,49.83,-1.00
1000,0,20.78,-1.00
1000,0,62.01,-1.00
1000,0,15.51,-1.00
1000,0,54.77,-1.00
1000,0,45.44,-1.00
1000,0,22.41,-1.00
1000,0,21.24,-1.00
1000,0,26.09,-1.00
1000,0,56.87,-1.00
1000,0,39.85,-1.00
1000,0,37.15,-1.00
1000,0,28.76,-1.00
1000,0,81.38,-1.00
1000,0,16.99,-1.00
1000,0,49.17,-1.00
1000,0,46.17,-1.00
1000,0,100.84,-1.00
1000,0,91.74,-1.00
1000,0,34.53,-1.00
1000,0,24.82,-1.00
1000,0,41.92,-1.00
1000,0,27.44,-1.00
1000,0,90.92,-1.00
1000,0,47.38,-1.00
1000,0,18.09,-1.00
1000,0,26.48,-1.00
1000,0,22.77,-1.00
1000,0,107.02,-1.00
1000,0,66.21,-1.00
1000,0,36.95,-1.00
1000,0,23.41,-1.00
1000,0,23.88,-1.00
1000,0,16.61,-1.00
1000,0,20.64,-1.00
1000,0,31.17,-1.00
1000,0,48.80,-1.00
1000,0,74.35,-1.00
1000,0,65.61,-1.00
1000,0,39.15,-1.00
1000,0,32.75,-1.00
1000,0,31.53,-1.00
1000,0,37.73,-1.00
1000,0,11.60,-1.00
1000,0,26.46,-1.00
1000,0,22.46,-1.00
1000,0,25.21,-1.00
1000,0,89.73,-1.00
1000,0,19.79,-1.00
1000,0,46.11,-1.00
1000,0,35.67,-1.00
1000,0,30.58,-1.00
1000,0,31.40,-1.00
1000,0,30.65,-1.00
1000,0,58.23,-1.00
1000,0,48.90,-1.00
1000,0,52.42,-1.00
1000,0,31.99,-1.00
1000,0,91.63,-1.00
1000,0,30.36,-1.00
1000,0,35.12,-1.00
1000,0,57.03,-1.00
1000,0,35.67,-1.00
1000,0,64.45,-1.00
1000,0,32.59,-1.00
1000,0,31.22,-1.00
1000,0,23.06,-1.00
1000,0,58.74,-1.00
1000,0,30.77,-1.00
1000,0,106.69,-1.00
1000,0,52.56,-1.00
1000,0,27.27,-1.00
1000,0,57.45,-1.00
1000,0,28.82,-1.00
1000,0,80.95,-1.00
1000,0,73.70,-1.00
1000,0,22.76,-1.00
1000,0,19.83,-1.00
1000,0,39.32,-1.00
1000,0,63.92,-1.00
1000,0,51.00,-1.00
1000,0,39.47,-1.00
1000,0,27.99,-1.00
1000,0,40.56,-1.00
1000,0,68.39,-1.00
1000,0,92.00,-1.00
1000,0,44.52,-1.00
1000,0,74.71,-1.00
1000,0,24.08,-1.00
1000,0,30.12,-1.00
1000,0,30.93,-1.00
1000,0,57.26,-1.00
1000,0,46.40,-1.00
1000,0,56.60,-1.00
1000,0,86.93,-1.00
1000,0,31.36,-1.00
1000,0,21.69,-1.00
1000,0,17.16,-1.00
1000,0,35.60,-1.00
1000,0,30.85,-1.00
1000,0,13.87,-1.00
1000,0,29.31,-1.00
1000,0,49.49,-1.00
1000,0,68.49,-1.00
1000,0,56.91,-1.00
1000,0,58.69,-1.00
1000,0,58.02,-1.00
1000,0,36.65,-1.00
1000,0,16.83,-1.00
1000,0,33.65,-1.00
1000,0,65.36,-1.00
1000,0,23.51,-1.00
1000,0,17.71,-1.00
1000,0,32.05,-1.00
1000,0,83.12,-1.00
1000,0,44.67,-1.00
1000,0,25.95,-1.00
1000,0,34.05,-1.00
1000,0,57.17,-1.00
1000,0,50.73,-1.00
1000,0,47.42,-1.00
1000,0,37.24,-1.00
1000,0,21.97,-1.00
1000,0,32.16,-1.00
1000,0,20.85,-1.00
1000,0,71.33,-1.00
1000,0,19.92,-1.00
1000,0,42.97,-1.00
1000,0,26.37,-1.00
1000,0,19.72,-1.00
1000,0,24.83,-1.00
1000,0,35.37,-1.00
1000,0,47.28,-1.00
1000,0,30.68,-1.00
1000,0,90.75,-1.00
1000,0,67.38,-1.00
1000,0,27.25,-1.00
1000,0,38.92,-1.00
1000,0,103.45,-1.00
1000,0,38.21,-1.00
1000,0,23.47,-1.00
1000,0,37.72,-1.00
1000,0,33.85,-1.00
1000,0,33.47,-1.00
1000,0,22.37,-1.00
1000,0,19.96,-1.00
1000,0,20.74,-1.00
1000,0,39.67,-1.00
1000,0,40.13,-1.00
1000,0,46.32,-1.00
1000,0,28.67,-1.00
1000,0,17.43,-1.00
1000,0,58.77,-1.00
1000,0,57.67,-1.00
1000,0,64.45,-1.00
1000,0,21.51,-1.00
1000,0,51.47,-1.00
1000,0,43.15,-1.00
1000,0,17.36,-1.00
1000,0,53.41,-1.00
1000,0,62.16,-1.00
1000,0,25.17,-1.00
1000,0,58.95,-1.00
1000,0,56.03,-1.00
1000,0,34.09,-1.00
1000,0,52.63,-1.00
1000,0,27.77,-1.00
1000,0,38.50,-1.00
1000,0,28.35,-1.00
1000,0,52.76,-1.00
1000,0,57.25,-1.00
1000,0,40.82,-1.00
1000,0,29.70,-1.00
1000,0,102.80,-1.00
1000,0,42.97,-1.00
1000,0,48.92,-1.00
1000,0,73.67,-1.00
1000,0,24.77,-1.00
1000,0,66.86,-1.00
1000,0,16.93,-1.00
1000,0,56.88,-1.00
1000,0,70.79,-1.00
1000,0,40.61,-1.00
1000,0,78.23,-1.00
1000,0,29.90,-1.00
1000,0,25.56,-1.00
1000,0,70.33,-1.00
1000,0,31.93,-1.00
1000,0,75.30,-1.00
1000,0,33.65,-1.00
1000,0,27.35,-1.00
1000,0,77.24,-1.00
1000,0,20.20,-1.00
1000,0,27.92,-1.00
1000,0,40.18,-1.00
1000,0,58.75,-1.00
1000,0,18.58,-1.00
1000,0,54.03,-1.00
1000,0,31.14,-1.00
1000,0,75.82,-1.00
1000,0,30.15,-1.00
1000,0,24.45,-1.00
1000,0,40.42,-1.00
1000,0,41.70,-1.00
1000,0,54.19,-1.00
1000,0,37.53,-1.00
1000,0,18.93,-1.00
1000,0,70.22,-1.00
1000,0,69.68,-1.00
1000,0,33.31,-1.00
1000,0,43.26,-1.00
1000,0,28.99,-1.00
1000,0,62.34,-1.00
1000,0,25.20,-1.00
1000,0,78.07,-1.00
1000,0,60.71,-1.00
1000,0,36.56,-1.00
1000,0,110.10,-1.00
1000,0,36.46,-1.00
1000,0,34.99,-1.00
1000,0,48.98,-1.00
1000,0,40.35,-1.00
1000,0,49.33,-1.00
1000,0,60.02,-1.00
1000,0,38.16,-1.00
1000,0,36.50,-1.00
1000,0,26.43,-1.00
1000,0,19.54,-1.00
1000,0,54.19,-1.00
1000,0,23.86,-1.00
1000,0,27.80,-1.00
1000,0,24.30,-1.00
1000,0,39.76,-1.00
1000,0,73.88,-1.00
1000,0,56.30,-1.00
1000,0,42.84,-1.00
1000,0,37.91,-1.00
1000,0,33.15,-1.00
1000,0,47.06,-1.00
1000,0,94.52,-1.00
1000,0,56.58,-1.00
1000,0,29.19,-1.00
1000,0,17.63,-1.00
1000,0,31.74,-1.00
1000,0,49.90,-1.00
1000,0,42.83,-1.00
1000,0,46.16,-1.00
1000,0,100.26,-1.00
1000,0,45.08,-1.00
1000,0,15.88,-1.00
1000,0,40.64,-1.00
1000,0,50.35,-1.00
1000,0,30.01,-1.00
1000,0,43.10,-1.00
1000,0,38.79,-1.00
1000,0,29.68,-1.00
1000,0,82.44,-1.00
1000,0,25.49,-1.00
1000,0,31.74,-1.00
1000,0,57.36,-1.00
1000,0,30.35,-1.00
1000,0,41.03,-1.00
1000,0,21.31,-1.00
1000,0,22.74,-1.00
1000,0,18.13,-1.00
1000,0,48.61,-1.00
1000,0,71.47,-1.00
1000,0,25.04,-1.00
1000,0,57.49,-1.00
1000,0,51.49,-1.00
1000,0,30.54,-1.00
1000,0,87.39,-1.00
1000,0,62.24,-1.00
1000,0,48.98,-1.00
1000,0,94.37,-1.00
1000,0,61.24,-1.00
1000,0,45.43,-1.00
1000,0,45.76,-1.00
1000,0,72.38,-1.00
1000,0,67.86,-1.00
1000,0,54.04,-1.00
1000,0,43.95,-1.00
1000,0,22.24,-1.00
1000,0,34.66,-1.00
1000,0,32.32,-1.00
1000,0,19.37,-1.00
1000,0,27.49,-1.00
1000,0,33.38,-1.00
1000,0,28.27,-1.00
1000,0,22.60,-1.00
1000,0,79.85,-1.00
1000,0,31.14,-1.00
1000,0,50.69,-1.00
1000,0,39.90,-1.00
1000,0,73.77,-1.00
1000,0,22.11,-1.00
1000,0,42.97,-1.00
1000,0,35.70,-1.00
1000,0,36.15,-1.00
1000,0,35.47,-1.00
1000,0,52.01,-1.00
1000,0,37.23,-1.00
1000,0,24.72,-1.00
1000,0,80.32,-1.00
1000,0,33.64,-1.00
1000,0,34.14,-1.00
1000,0,20.49,-1.00
1000,0,16.03,-1.00
1000,0,54.17,-1.00
1000,0,58.60,-1.00
1000,0,48.56,-1.00
1000,0,31.97,-1.00
1000,0,55.65,-1.00
1000,0,18.93,-1.00
1000,0,62.31,-1.00
1000,0,73.45,-1.00
1000,0,60.70,-1.00
1000,0,76.96,-1.00
1000,0,23.70,-1.00
1000,0,118.92,-1.00
1000,0,16.34,-1.00
1000,0,34.37,-1.00
1000,0,25.08,-1.00
1000,0,30.45,-1.00
1000,0,28.72,-1.00
1000,0,33.25,-1.00
1000,0,43.81,-1.00
1000,0,37.32,-1.00
1000,0,21.00,-1.00
1000,0,43.41,-1.00
1000,0,17.72,-1.00
1000,0,79.12,-1.00
1000,0,32.94,-1.00
1000,0,19.84,-1.00
1000,0,25.82,-1.00
1000,0,45.73,-1.00
1000,0,16.73,-1.00
1000,0,60.94,-1.00
1000,0,18.53,-1.00
1000,0,23.02,-1.00
1000,0,75.21,-1.00
1000,0,25.85,-1.00
1000,0,47.19,-1.00
1000,0,26.24,-1.00
1000,0,29.99,-1.00
1000,0,38.98,-1.00
1000,0,40.01,-1.00
1000,0,69.43,-1.00
1000,0,82.17,-1.00
1000,0,46.70,-1.00
1000,0,26.25,-1.00
1000,0,41.98,-1.00
1000,0,56.34,-1.00
1000,0,43.66,-1.00
1000,0,23.78,-1.00
1000,0,29.94,-1.00
987,13,194.24,210.15
1000,0,47.92,-1.00
1000,0,50.63,-1.00
1000,0,60.60,-1.00
1000,0,44.66,-1.00
1000,0,35.10,-1.00
1000,0,23.75,-1.00
1000,0,55.68,-1.00
1000,0,33.06,-1.00
1000,0,26.42,-1.00
1000,0,95.35,-1.00
1000,0,59.24,-1.00
1000,0,43.08,-1.00
1000,0,23.63,-1.00
1000,0,33.15,-1.00
1000,0,35.33,-1.00
1000,0,93.90,-1.00
1000,0,15.59,-1.00
1000,0,84.67,-1.00
1000,0,25.22,-1.00
1000,0,25.86,-1.00
1000,0,39.67,-1.00
1000,0,35.21,-1.00
1000,0,69.87,-1.00
1000,0,25.40,-1.00
1000,0,44.39,-1.00
1000,0,59.57,-1.00
1000,0,19.15,-1.00
1000,0,31.86,-1.00
1000,0,28.72,-1.00
1000,0,36.37,-1.00
1000,0,99.33,-1.00
1000,0,75.40,-1.00
1000,0,56.40,-1.00
1000,0,44.56,-1.00
1000,0,14.92,-1.00
1000,0,62.20,-1.00
1000,0,19.87,-1.00
1000,0,35.38,-1.00
1000,0,22.83,-1.00
1000,0,18.33,-1.00
1000,0,41.20,-1.00
1000,0,36.69,-1.00
1000,0,21.10,-1.00
1000,0,27.09,-1.00
1000,0,26.01,-1.00
1000,0,18.57,-1.00
1000,0,52.90,-1.00
1000,0,18.90,-1.00
1000,0,24.27,-1.00
1000,0,43.95,-1.00
1000,0,42.49,-1.00
1000,0,46.47,-1.00
1000,0,17.81,-1.00
1000,0,73.11,-1.00
1000,0,63.48,-1.00
1000,0,51.19,-1.00
1000,0,46.94,-1.00
1000,0,51.66,-1.00
1000,0,41.93,-1.00
1000,0,68.08,-1.00
1000,0,40.03,-1.00
1000,0,53.22,-1.00
1000,0,34.67,-1.00
1000,0,41.19,-1.00
1000,0,58.58,-1.00
1000,0,23.82,-1.00
1000,0,22.21,-1.00
1000,0,90.56,-1.00
1000,0,31.28,-1.00
1000,0,58.22,-1.00
1000,0,51.92,-1.00
1000,0,53.12,-1.00
1000,0,35.53,-1.00
1000,0,39.06,-1.00
1000,0,52.94,-1.00
1000,0,28.73,-1.00
1000,0,52.91,-1.00
1000,0,50.08,-1.00
1000,0,31.97,-1.00
1000,0,60.69,-1.00
1000,0,37.74,-1.00
1000,0,69.16,-1.00
1000,0,75.68,-1.00
1000,0,42.12,-1.00
1000,0,33.01,-1.00
1000,0,79.55,-1.00
1000,0,31.92,-1.00
1000,0,48.97,-1.00
1000,0,35.01,-1.00
1000,0,23.63,-1.00
1000,0,32.59,-1.00
1000,0,32.50,-1.00
1000,0,28.49,-1.00
1000,0,95.67,-1.00
1000,0,49.51,-1.00
1000,0,43.78,-1.00
1000,0,59.83,-1.00
1000,0,17.39,-1.00
1000,0,72.62,-1.00
1000,0,34.55,-1.00
1000,0,19.88,-1.00
1000,0,63.44,-1.00
1000,0,63.65,-1.00
1000,0,29.99,-1.00
1000,0,43.13,-1.00
1000,0,40.64,-1.00
1000,0,44.26,-1.00
1000,0,37.14,-1.00
1000,0,31.52,-1.00
1000,0,74.22,-1.00
1000,0,39.73,-1.00
1000,0,44.85,-1.00
1000,0,23.23,-1.00
1000,0,41.83,-1.00
1000,0,31.25,-1.00
1000,0,36.65,-1.00
1000,0,15.49,-1.00
1000,0,37.17,-1.00
1000,0,52.13,-1.00
1000,0,36.00,-1.00
1000,0,41.05,-1.00
1000,0,93.74,-1.00
1000,0,84.32,-1.00
1000,0,75.71,-1.00
1000,0,58.10,-1.00
1000,0,52.06,-1.00
1000,0,48.40,-1.00
1000,0,57.90,-1.00
1000,0,42.33,-1.00
1000,0,18.52,-1.00
1000,0,49.42,-1.00
1000,0,32.02,-1.00
1000,0,20.33,-1.00
1000,0,57.85,-1.00
1000,0,77.42,-1.00
1000,0,34.65,-1.00
1000,0,23.27,-1.00
1000,0,39.69,-1.00
1000,0,43.76,-1.00
1000,0,45.87,-1.00
1000,0,30.27,-1.00
1000,0,38.34,-1.00
1000,0,49.11,-1.00
1000,0,62.03,-1.00
1000,0,31.69,-1.00
1000,0,25.88,-1.00
1000,0,26.30,-1.00
1000,0,55.45,-1.00
1000,0,54.63,-1.00
1000,0,92.45,-1.00
1000,0,45.85,-1.00
1000,0,53.57,-1.00
1000,0,32.47,-1.00
1000,0,23.73,-1.00
1000,0,21.25,-1.00
1000,0,32.12,-1.00
1000,0,30.93,-1.00
1000,0,39.48,-1.00
1000,0,60.75,-1.00
1000,0,49.61,-1.00
1000,0,16.40,-1.00
1000,0,59.20,-1.00
1000,0,49.18,-1.00
1000,0,52.26,-1.00
1000,0,56.31,-1.00
1000,0,49.70,-1.00
1000,0,44.33,-1.00
1000,0,24.43,-1.00
1000,0,73.05,-1.00
1000,0,25.38,-1.00
1000,0,14.97,-1.00
1000,0,71.80,-1.00
1000,0,65.67,-1.00
1000,0,23.80,-1.00
1000,0,23.81,-1.00
1000,0,43.23,-1.00
1000,0,23.05,-1.00
1000,0,40.14,-1.00
1000,0,46.69,-1.00
1000,0,25.37,-1.00
1000,0,95.19,-1.00
1000,0,28.34,-1.00
1000,0,53.21,-1.00
1000,0,31.69,-1.00
1000,0,13.94,-1.00
1000,0,38.41,-1.00
1000,0,22.23,-1.00
1000,0,70.93,-1.00
1000,0,23.20,-1.00
1000,0,68.46,-1.00
1000,0,36.57,-1.00
1000,0,30.28,-1.00
1000,0,21.68,-1.00
1000,0,75.86,-1.00
1000,0,22.77,-1.00
1000,0,38.85,-1.00
1000,0,58.83,-1.00
1000,0,21.23,-1.00
1000,0,19.75,-1.00
1000,0,59.05,-1.00
1000,0,49.13,-1.00
1000,0,66.65,-1.00
1000,0,54.28,-1.00
1000,0,32.01,-1.00
1000,0,94.64,-1.00
1000,0,53.87,-1.00
1000,0,81.11,-1.00
1000,0,64.38,-1.00
1000,0,19.23,-1.00
1000,0,32.76,-1.00
1000,0,15.07,-1.00
1000,0,49.67,-1.00
1000,0,25.28,-1.00
1000,0,93.30,-1.00
1000,0,75.45,-1.00
1000,0,47.16,-1.00
1000,0,30.48,-1.00
1000,0,82.54,-1.00
1000,0,111.62,-1.00
1000,0,29.43,-1.00
1000,0,37.28,-1.00
1000,0,113.63,-1.00
1000,0,41.40,-1.00
1000,0,113.44,-1.00
1000,0,75.19,-1.00
1000,0,13.14,-1.00
1000,0,38.07,-1.00
1000,0,58.41,-1.00
1000,0,53.75,-1.00
1000,0,29.17,-1.00
1000,0,24.31,-1.00
1000,0,57.85,-1.00
1000,0,19.88,-1.00
1000,0,36.42,-1.00
1000,0,45.06,-1.00
1000,0,29.93,-1.00
1000,0,61.73,-1.00
1000,0,49.06,-1.00
1000,0,27.90,-1.00
1000,0,76.56,-1.00
1000,0,20.60,-1.00
1000,0,40.22,-1.00
1000,0,38.60,-1.00
1000,0,23.34,-1.00
1000,0,43.94,-1.00
1000,0,46.25,-1.00
1000,0,53.12,-1.00
1000,0,69.62,-1.00
1000,0,83.33,-1.00
1000,0,38.94,-1.00
1000,0,30.64,-1.00
1000,0,55.29,-1.00
1000,0,28.52,-1.00
1000,0,47.67,-1.00
1000,0,60.38,-1.00
1000,0,63.73,-1.00
1000,0,116.37,-1.00
1000,0,39.72,-1.00
1000,0,12.86,-1.00
1000,0,23.74,-1.00
1000,0,72.25,-1.00
1000,0,49.84,-1.00
1000,0,17.57,-1.00
1000,0,30.95,-1.00
1000,0,41.29,-1.00
1000,0,23.41,-1.00
1000,0,30.11,-1.00
1000,0,31.68,-1.00
1000,0,41.64,-1.00
1000,0,115.30,-1.00
1000,0,66.90,-1.00
1000,0,35.44,-1.00
1000,0,73.70,-1.00
1000,0,27.78,-1.00
1000,0,43.49,-1.00
1000,0,36.41,-1.00
1000,0,75.73,-1.00
1000,0,28.31,-1.00
1000,0,26.97,-1.00
1000,0,88.30,-1.00
1000,0,79.60,-1.00
1000,0,70.39,-1.00
1000,0,28.40,-1.00
1000,0,77.57,-1.00
1000,0,33.85,-1.00
1000,0,32.89,-1.00
1000,0,24.56,-1.00
1000,0,42.85,-1.00
1000,0,21.71,-1.00
1000,0,19.97,-1.00
1000,0,51.91,-1.00
1000,0,33.10,-1.00
1000,0,20.00,-1.00
1000,0,54.05,-1.00
1000,0,36.67,-1.00
1000,0,43.91,-1.00
1000,0,26.37,-1.00
1000,0,51.27,-1.00
1000,0,33.06,-1.00
1000,0,42.00,-1.00
1000,0,57.36,-1.00
1000,0,82.56,-1.00
1000,0,40.83,-1.00
1000,0,28.85,-1.00
1000,0,65.46,-1.00
1000,0,51.12,-1.00
1000,0,25.09,-1.00
1000,0,25.53,-1.00
1000,0,21.40,-1.00
1000,0,55.88,-1.00
1000,0,38.79,-1.00
1000,0,91.86,-1.00
1000,0,12.69,-1.00
1000,0,30.93,-1.00
1000,0,76.35,-1.00
1000,0,67.60,-1.00
1000,0,69.11,-1.00
1000,0,58.34,-1.00
1000,0,83.65,-1.00
1000,0,59.30,-1.00
1000,0,63.53,-1.00
1000,0,30.29,-1.00
1000,0,138.93,-1.00
1000,0,83.12,-1.00
1000,0,44.28,-1.00
1000,0,34.11,-1.00
1000,0,46.37,-1.00
1000,0,23.22,-1.00
1000,0,13.77,-1.00
1000,0,44.36,-1.00
1000,0,33.83,-1.00
1000,0,49.18,-1.00
1000,0,41.28,-1.00
1000,0,66.38,-1.00
1000,0,49.38,-1.00
1000,0,52.90,-1.00
1000,0,31.72,-1.00
1000,0,20.98,-1.00
1000,0,48.69,-1.00
1000,0,50.91,-1.00
1000,0,35.56,-1.00
1000,0,27.20,-1.00
1000,0,99.51,-1.00
1000,0,24.75,-1.00
1000,0,51.51,-1.00
1000,0,72.38,-1.00
1000,0,31.90,-1.00
1000,0,62.18,-1.00
1000,0,77.71,-1.00
1000,0,13.50,-1.00
1000,0,20.01,-1.00
1000,0,115.22,-1.00
1000,0,42.99,-1.00
1000,0,93.35,-1.00
1000,0,56.16,-1.00
1000,0,47.96,-1.00
1000,0,25.51,-1.00
1000,0,43.27,-1.00
1000,0,40.06,-1.00
1000,0,39.19,-1.00
1000,0,35.68,-1.00
1000,0,27.60,-1.00
1000,0,14.65,-1.00
1000,0,62.84,-1.00
1000,0,40.87,-1.00
1000,0,74.21,-1.00
1000,0,114.60,-1.00
1000,0,42.04,-1.00
1000,0,30.87,-1.00
1000,0,43.65,-1.00
1000,0,37.18,-1.00
1000,0,30.26,-1.00
1000,0,51.33,-1.00
1000,0,71.72,-1.00
1000,0,27.73,-1.00
1000,0,40.39,-1.00
1000,0,34.56,-1.00
1000,0,25.77,-1.00
1000,0,31.12,-1.00
1000,0,22.94,-1.00
1000,0,51.42,-1.00
1000,0,22.91,-1.00
1000,0,33.67,-1.00
1000,0,45.31,-1.00
1000,0,39.95,-1.00
1000,0,84.82,-1.00
1000,0,22.22,-1.00
1000,0,41.25,-1.00
1000,0,29.00,-1.00
1000,0,50.95,-1.00
1000,0,41.87,-1.00
1000,0,32.60,-1.00
1000,0,16.40,-1.00
1000,0,32.94,-1.00
1000,0,18.35,-1.00
1000,0,37.16,-1.00
1000,0,24.83,-1.00
1000,0,25.94,-1.00
1000,0,66.28,-1.00
1000,0,40.87,-1.00
1000,0,41.19,-1.00
1000,0,35.74,-1.00
1000,0,64.43,-1.00
1000,0,28.84,-1.00
1000,0,32.06,-1.00
1000,0,62.39,-1.00
1000,0,28.91,-1.00
1000,0,41.15,-1.00
1000,0,60.48,-1.00
1000,0,34.88,-1.00
1000,0,51.14,-1.00
1000,0,33.65,-1.00
1000,0,57.89,-1.00
1000,0,46.46,-1.00
1000,0,62.89,-1.00
1000,0,21.02,-1.00
1000,0,19.54,-1.00
1000,0,37.00,-1.00
1000,0,28.25,-1.00
1000,0,40.22,-1.00
1000,0,65.81,-1.00
1000,0,62.66,-1.00
1000,0,69.57,-1.00
1000,0,41.72,-1.00
1000,0,52.53,-1.00
1000,0,31.37,-1.00
1000,0,41.98,-1.00
1000,0,23.20,-1.00
1000,0,13.69,-1.00
1000,0,14.81,-1.00
1000,0,51.44,-1.00
1000,0,38.53,-1.00
1000,0,28.51,-1.00
1000,0,41.44,-1.00
1000,0,59.89,-1.00
1000,0,23.35,-1.00
1000,0,32.07,-1.00
1000,0,66.06,-1.00
1000,0,53.85,-1.00
1000,0,89.08,-1.00
1000,0,84.46,-1.00
1000,0,29.54,-1.00
1000,0,114.44,-1.00
1000,0,44.42,-1.00
1000,0,86.48,-1.00
1000,0,126.00,-1.00
1000,0,67.89,-1.00
1000,0,30.96,-1.00
1000,0,34.20,-1.00
1000,0,85.60,-1.00
1000,0,52.65,-1.00
1000,0,34.44,-1.00
1000,0,23.63,-1.00
1000,0,27.26,-1.00
1000,0,46.63,-1.00
1000,0,45.84,-1.00
1000,0,33.60,-1.00
1000,0,36.32,-1.00
1000,0,78.93,-1.00
1000,0,38.19,-1.00
1000,0,53.39,-1.00
1000,0,40.05,-1.00
1000,0,24.53,-1.00
1000,0,21.02,-1.00
1000,0,44.60,-1.00
1000,0,19.96,-1.00
1000,0,64.77,-1.00
1000,0,54.69,-1.00
1000,0,70.70,-1.00
1000,0,46.14,-1.00
1000,0,35.69,-1.00
1000,0,21.45,-1.00
1000,0,24.24,-1.00
1000,0,50.67,-1.00
1000,0,24.38,-1.00
1000,0,32.98,-1.00
1000,0,67.50,-1.00
1000,0,50.41,-1.00
1000,0,30.21,-1.00
1000,0,34.43,-1.00
1000,0,24.14,-1.00
1000,0,62.21,-1.00
1000,0,36.87,-1.00
1000,0,48.66,-1.00
1000,0,34.12,-1.00
1000,0,44.74,-1.00
1000,0,35.59,-1.00
1000,0,25.22,-1.00
1000,0,41.29,-1.00
1000,0,24.83,-1.00
1000,0,26.85,-1.00
1000,0,18.48,-1.00
1000,0,56.96,-1.00
1000,0,85.79,-1.00
1000,0,25.29,-1.00
1000,0,42.13,-1.00
1000,0,20.20,-1.00
1000,0,62.46,-1.00
1000,0,44.72,-1.00
1000,0,33.73,-1.00
1000,0,37.20,-1.00
1000,0,60.37,-1.00
1000,0,24.69,-1.00
1000,0,50.28,-1.00
1000,0,69.59,-1.00
1000,0,108.90,-1.00
1000,0,44.15,-1.00
1000,0,91.72,-1.00
1000,0,33.90,-1.00
902,98,196.41,203.32
1000,0,35.18,-1.00
1000,0,41.67,-1.00
1000,0,35.16,-1.00
1000,0,68.39,-1.00
1000,0,52.08,-1.00
1000,0,36.83,-1.00
1000,0,37.15,-1.00
1000,0,94.59,-1.00
1000,0,93.96,-1.00
1000,0,40.98,-1.00
1000,0,39.82,-1.00
1000,0,28.20,-1.00
1000,0,37.62,-1.00
1000,0,48.99,-1.00
1000,0,40.77,-1.00
1000,0,28.67,-1.00
1000,0,68.77,-1.00
1000,0,23.87,-1.00
1000,0,35.99,-1.00
1000,0,59.73,-1.00
1000,0,27.64,-1.00
1000,0,46.01,-1.00
1000,0,37.05,-1.00
1000,0,56.79,-1.00
1000,0,56.06,-1.00
1000,0,28.16,-1.00
1000,0,21.82,-1.00
1000,0,34.96,-1.00
1000,0,67.39,-1.00
1000,0,39.70,-1.00
1000,0,37.19,-1.00
1000,0,38.73,-1.00
1000,0,23.07,-1.00
1000,0,29.77,-1.00
1000,0,40.05,-1.00
1000,0,70.72,-1.00
1000,0,24.40,-1.00
1000,0,37.66,-1.00
1000,0,26.78,-1.00
1000,0,74.24,-1.00
1000,0,17.26,-1.00
1000,0,62.12,-1.00
1000,0,22.66,-1.00
1000,0,62.90,-1.00
1000,0,50.96,-1.00
1000,0,64.84,-1.00
1000,0,35.42,-1.00
1000,0,96.86,-1.00
1000,0,22.98,-1.00
1000,0,56.30,-1.00
1000,0,66.92,-1.00
1000,0,25.90,-1.00
1000,0,55.72,-1.00
1000,0,61.31,-1.00
1000,0,93.42,-1.00
1000,0,85.34,-1.00
1000,0,41.68,-1.00
1000,0,33.42,-1.00
1000,0,50.59,-1.00
1000,0,31.27,-1.00
1000,0,42.17,-1.00
1000,0,57.64,-1.00
1000,0,36.73,-1.00
1000,0,21.06,-1.00
1000,0,81.17,-1.00
1000,0,32.60,-1.00
1000,0,50.47,-1.00
1000,0,80.77,-1.00
1000,0,18.45,-1.00
1000,0,24.82,-1.00
1000,0,35.54,-1.00
1000,0,36.91,-1.00
1000,0,49.78,-1.00
1000,0,35.29,-1.00
1000,0,50.04,-1.00
1000,0,29.18,-1.00
1000,0,70.41,-1.00
1000,0,54.29,-1.00
1000,0,56.73,-1.00
1000,0,49.08,-1.00
1000,0,41.74,-1.00
1000,0,51.70,-1.00
1000,0,56.40,-1.00
1000,0,62.43,-1.00
1000,0,35.85,-1.00
1000,0,40.67,-1.00
1000,0,31.91,-1.00
1000,0,17.63,-1.00
1000,0,28.14,-1.00
1000,0,36.42,-1.00
1000,0,98.89,-1.00
1000,0,47.33,-1.00
1000,0,78.32,-1.00
1000,0,57.50,-1.00
1000,0,73.21,-1.00
1000,0,76.81,-1.00
1000,0,33.27,-1.00
1000,0,15.08,-1.00
1000,0,21.90,-1.00
1000,0,44.23,-1.00
1000,0,89.18,-1.00
1000,0,144.97,-1.00
1000,0,35.87,-1.00
1000,0,32.68,-1.00
1000,0,36.34,-1.00
1000,0,23.20,-1.00
1000,0,39.95,-1.00
1000,0,21.80,-1.00
1000,0,50.71,-1.00
1000,0,43.75,-1.00
1000,0,21.30,-1.00
1000,0,33.68,-1.00
1000,0,43.47,-1.00
1000,0,53.80,-1.00
1000,0,25.38,-1.00
1000,0,46.21,-1.00
1000,0,18.20,-1.00
1000,0,37.33,-1.00
1000,0,41.56,-1.00
1000,0,33.21,-1.00
1000,0,27.82,-1.00
1000,0,34.43,-1.00
1000,0,64.95,-1.00
1000,0,102.73,-1.00
1000,0,30.14,-1.00
1000,0,65.35,-1.00
1000,0,43.15,-1.00
1000,0,19.49,-1.00
1000,0,56.55,-1.00
1000,0,109.00,-1.00
1000,0,27.42,-1.00
1000,0,62.60,-1.00
1000,0,52.11,-1.00
1000,0,26.14,-1.00
1000,0,30.10,-1.00
1000,0,23.29,-1.00
1000,0,40.14,-1.00
1000,0,29.63,-1.00
1000,0,21.05,-1.00
1000,0,20.47,-1.00
1000,0,65.77,-1.00
1000,0,49.72,-1.00
1000,0,27.22,-1.00
1000,0,164.34,-1.00
1000,0,54.53,-1.00
1000,0,26.85,-1.00
1000,0,30.91,-1.00
1000,0,23.14,-1.00
1000,0,17.56,-1.00
1000,0,11.60,-1.00
1000,0,49.91,-1.00
1000,0,25.76,-1.00
1000,0,22.65,-1.00
1000,0,18.56,-1.00
1000,0,43.86,-1.00
1000,0,28.82,-1.00
1000,0,59.45,-1.00
1000,0,47.63,-1.00
1000,0,118.79,-1.00
1000,0,46.72,-1.00
1000,0,17.72,-1.00
1000,0,23.74,-1.00
1000,0,53.76,-1.00
1000,0,63.59,-1.00
1000,0,31.27,-1.00
1000,0,38.61,-1.00
1000,0,18.13,-1.00
1000,0,35.97,-1.00
1000,0,29.74,-1.00
1000,0,62.15,-1.00
1000,0,21.59,-1.00
1000,0,50.05,-1.00
1000,0,41.53,-1.00
1000,0,48.86,-1.00
1000,0,32.21,-1.00
1000,0,36.88,-1.00
1000,0,40.53,-1.00
1000,0,72.10,-1.00
1000,0,47.12,-1.00
1000,0,82.00,-1.00
1000,0,28.39,-1.00
1000,0,66.65,-1.00
1000,0,49.79,-1.00
1000,0,36.95,-1.00
1000,0,41.12,-1.00
1000,0,37.00,-1.00
1000,0,30.24,-1.00
1000,0,31.51,-1.00
1000,0,17.15,-1.00
1000,0,24.40,-1.00
1000,0,120.92,-1.00
1000,0,64.57,-1.00
1000,0,53.25,-1.00
1000,0,66.82,-1.00
1000,0,65.62,-1.00
1000,0,52.48,-1.00
1000,0,63.08,-1.00
1000,0,23.13,-1.00
1000,0,33.41,-1.00
1000,0,86.17,-1.00
1000,0,20.00,-1.00
1000,0,44.46,-1.00
1000,0,34.19,-1.00
1000,0,31.48,-1.00
1000,0,53.64,-1.00
1000,0,22.19,-1.00
1000,0,33.11,-1.00
1000,0,85.98,-1.00
1000,0,57.48,-1.00
1000,0,41.72,-1.00
1000,0,64.43,-1.00
1000,0,19.47,-1.00
1000,0,67.84,-1.00
1000,0,61.38,-1.00
1000,0,75.99,-1.00
1000,0,32.32,-1.00
1000,0,18.78,-1.00
1000,0,39.47,-1.00
1000,0,38.29,-1.00
1000,0,30.81,-1.00
1000,0,40.53,-1.00
1000,0,56.52,-1.00
1000,0,102.68,-1.00
1000,0,35.13,-1.00
1000,0,30.87,-1.00
1000,0,37.28,-1.00
1000,0,63.62,-1.00
1000,0,78.30,-1.00
1000,0,42.88,-1.00
1000,0,62.31,-1.00
1000,0,78.42,-1.00
1000,0,15.80,-1.00
1000,0,30.77,-1.00
1000,0,39.71,-1.00
1000,0,30.01,-1.00
1000,0,33.17,-1.00
1000,0,53.78,-1.00
1000,0,45.63,-1.00
1000,0,105.30,-1.00
1000,0,43.28,-1.00
1000,0,40.53,-1.00
1000,0,82.19,-1.00
1000,0,41.99,-1.00
1000,0,151.85,-1.00
1000,0,40.51,-1.00
1000,0,13.46,-1.00
1000,0,39.62,-1.00
1000,0,85.54,-1.00
1000,0,12.73,-1.00
1000,0,46.00,-1.00
1000,0,39.49,-1.00
1000,0,35.86,-1.00
1000,0,29.75,-1.00
1000,0,25.56,-1.00
1000,0,34.28,-1.00
1000,0,82.88,-1.00
1000,0,88.75,-1.00
1000,0,59.21,-1.00
1000,0,80.21,-1.00
1000,0,67.04,-1.00
1000,0,19.86,-1.00
1000,0,19.81,-1.00
1000,0,44.51,-1.00
1000,0,58.13,-1.00
1000,0,53.73,-1.00
1000,0,34.52,-1.00
1000,0,49.22,-1.00
1000,0,27.58,-1.00
1000,0,42.77,-1.00
1000,0,52.89,-1.00
1000,0,92.49,-1.00
1000,0,36.42,-1.00
1000,0,99.02,-1.00
1000,0,41.22,-1.00
1000,0,63.88,-1.00
1000,0,37.05,-1.00
1000,0,32.50,-1.00
1000,0,39.00,-1.00
1000,0,40.22,-1.00
1000,0,28.88,-1.00
1000,0,36.95,-1.00
1000,0,35.47,-1.00
1000,0,92.66,-1.00
1000,0,87.82,-1.00
1000,0,12.81,-1.00
1000,0,16.16,-1.00
1000,0,57.97,-1.00
1000,0,18.04,-1.00
1000,0,27.08,-1.00
1000,0,56.14,-1.00
1000,0,25.47,-1.00
1000,0,116.94,-1.00
1000,0,35.74,-1.00
1000,0,30.67,-1.00
1000,0,43.32,-1.00
1000,0,23.06,-1.00
1000,0,50.22,-1.00
1000,0,35.97,-1.00
1000,0,26.86,-1.00
1000,0,19.61,-1.00
1000,0,18.46,-1.00
1000,0,26.61,-1.00
1000,0,64.93,-1.00
1000,0,31.05,-1.00
1000,0,20.86,-1.00
1000,0,35.02,-1.00
1000,0,30.98,-1.00
1000,0,31.95,-1.00
1000,0,50.16,-1.00
1000,0,34.12,-1.00
1000,0,77.28,-1.00
1000,0,27.05,-1.00
1000,0,41.35,-1.00
1000,0,65.72,-1.00
1000,0,82.60,-1.00
1000,0,44.92,-1.00
1000,0,53.39,-1.00
1000,0,37.92,-1.00
1000,0,18.44,-1.00
1000,0,55.93,-1.00
1000,0,67.22,-1.00
1000,0,58.24,-1.00
1000,0,43.29,-1.00
1000,0,38.26,-1.00
1000,0,70.52,-1.00
1000,0,52.48,-1.00
1000,0,93.93,-1.00
1000,0,20.89,-1.00
1000,0,27.23,-1.00
1000,0,59.40,-1.00
1000,0,23.38,-1.00
1000,0,19.86,-1.00
1000,0,29.46,-1.00
1000,0,59.14,-1.00
1000,0,86.14,-1.00
1000,0,34.61,-1.00
1000,0,145.28,-1.00
1000,0,14.43,-1.00
1000,0,50.05,-1.00
1000,0,31.82,-1.00
1000,0,37.41,-1.00
1000,0,72.15,-1.00
1000,0,25.92,-1.00
1000,0,34.41,-1.00
1000,0,24.94,-1.00
1000,0,25.03,-1.00
1000,0,22.23,-1.00
1000,0,31.28,-1.00
1000,0,137.10,-1.00
1000,0,109.22,-1.00
1000,0,62.23,-1.00
1000,0,24.83,-1.00
1000,0,28.29,-1.00
1000,0,40.36,-1.00
1000,0,42.52,-1.00
1000,0,46.41,-1.00
1000,0,21.97,-1.00
1000,0,51.65,-1.00
1000,0,31.19,-1.00
1000,0,15.70,-1.00
1000,0,32.20,-1.00
1000,0,51.07,-1.00
1000,0,32.26,-1.00
1000,0,45.05,-1.00
1000,0,40.85,-1.00
1000,0,51.59,-1.00
1000,0,31.68,-1.00
1000,0,49.42,-1.00
1000,0,59.09,-1.00
1000,0,54.46,-1.00
1000,0,33.14,-1.00
1000,0,32.65,-1.00
1000,0,32.42,-1.00
1000,0,67.35,-1.00
1000,0,25.91,-1.00
1000,0,54.19,-1.00
1000,0,65.30,-1.00
1000,0,86.20,-1.00
1000,0,30.73,-1.00
1000,0,18.10,-1.00
1000,0,138.44,-1.00
1000,0,46.52,-1.00
1000,0,39.58,-1.00
1000,0,43.95,-1.00
1000,0,94.50,-1.00
1000,0,41.68,-1.00
1000,0,28.78,-1.00
1000,0,61.11,-1.00
1000,0,74.24,-1.00
1000,0,35.59,-1.00
1000,0,76.45,-1.00
1000,0,50.45,-1.00
1000,0,18.22,-1.00
1000,0,55.80,-1.00
1000,0,99.46,-1.00
1000,0,22.66,-1.00
1000,0,119.44,-1.00
1000,0,44.22,-1.00
1000,0,51.97,-1.00
1000,0,103.03,-1.00
1000,0,50.09,-1.00
1000,0,16.26,-1.00
1000,0,33.37,-1.00
1000,0,40.83,-1.00
1000,0,34.06,-1.00
1000,0,24.23,-1.00
1000,0,47.19,-1.00
1000,0,30.66,-1.00
1000,0,82.90,-1.00
1000,0,47.05,-1.00
1000,0,45.29,-1.00
1000,0,91.75,-1.00
1000,0,29.29,-1.00
1000,0,21.11,-1.00
1000,0,67.43,-1.00
1000,0,24.36,-1.00
1000,0,34.07,-1.00
1000,0,59.07,-1.00
1000,0,29.11,-1.00
1000,0,65.94,-1.00
1000,0,74.70,-1.00
1000,0,33.26,-1.00
1000,0,26.72,-1.00
1000,0,78.18,-1.00
1000,0,22.83,-1.00
1000,0,60.42,-1.00
1000,0,60.98,-1.00
1000,0,19.98,-1.00
1000,0,49.70,-1.00
1000,0,77.76,-1.00
1000,0,32.55,-1.00
1000,0,65.34,-1.00
1000,0,41.34,-1.00
1000,0,29.86,-1.00
1000,0,28.74,-1.00
1000,0,45.23,-1.00
1000,0,18.98,-1.00
1000,0,40.57,-1.00
1000,0,62.94,-1.00
1000,0,29.55,-1.00
1000,0,44.91,-1.00
1000,0,139.57,-1.00
1000,0,32.62,-1.00
1000,0,26.19,-1.00
1000,0,29.81,-1.00
1000,0,48.47,-1.00
1000,0,51.49,-1.00
1000,0,43.86,-1.00
1000,0,51.66,-1.00
1000,0,30.19,-1.00
1000,0,51.34,-1.00
1000,0,45.74,-1.00
1000,0,19.39,-1.00
1000,0,27.03,-1.00
1000,0,30.27,-1.00
1000,0,19.98,-1.00
1000,0,47.84,-1.00
1000,0,48.65,-1.00
1000,0,40.26,-1.00
1000,0,41.10,-1.00
1000,0,71.56,-1.00
1000,0,26.41,-1.00
1000,0,37.29,-1.00
1000,0,110.95,-1.00
1000,0,25.32,-1.00
1000,0,43.47,-1.00
1000,0,45.39,-1.00
1000,0,54.73,-1.00
1000,0,32.29,-1.00
1000,0,59.47,-1.00
1000,0,44.04,-1.00
1000,0,37.13,-1.00
1000,0,24.92,-1.00
1000,0,27.28,-1.00
1000,0,45.60,-1.00
1000,0,36.56,-1.00
1000,0,17.75,-1.00
1000,0,43.42,-1.00
1000,0,55.44,-1.00
1000,0,17.96,-1.00
1000,0,40.22,-1.00
1000,0,23.06,-1.00
1000,0,26.40,-1.00
1000,0,39.51,-1.00
1000,0,25.37,-1.00
1000,0,23.91,-1.00
1000,0,23.75,-1.00
1000,0,98.28,-1.00
1000,0,31.03,-1.00
1000,0,21.50,-1.00
1000,0,40.57,-1.00
1000,0,39.45,-1.00
1000,0,24.34,-1.00
1000,0,29.89,-1.00
1000,0,36.25,-1.00
1000,0,16.78,-1.00
1000,0,57.39,-1.00
1000,0,81.16,-1.00
1000,0,76.81,-1.00
1000,0,32.14,-1.00
1000,0,75.07,-1.00
1000,0,44.38,-1.00
1000,0,33.68,-1.00
1000,0,28.46,-1.00
1000,0,61.37,-1.00
1000,0,29.79,-1.00
1000,0,60.34,-1.00
1000,0,64.78,-1.00
1000,0,42.78,-1.00
1000,0,65.27,-1.00
1000,0,54.63,-1.00
1000,0,36.96,-1.00
1000,0,42.25,-1.00
1000,0,73.50,-1.00
1000,0,38.51,-1.00
1000,0,43.73,-1.00
1000,0,56.04,-1.00
1000,0,22.39,-1.00
1000,0,37.47,-1.00
1000,0,38.39,-1.00
1000,0,41.63,-1.00
1000,0,41.92,-1.00
1000,0,73.68,-1.00
1000,0,18.52,-1.00
1000,0,36.95,-1.00
1000,0,29.72,-1.00
1000,0,48.78,-1.00
1000,0,18.65,-1.00
1000,0,26.42,-1.00
1000,0,16.36,-1.00
1000,0,67.29,-1.00
1000,0,44.67,-1.00
1000,0,28.00,-1.00
1000,0,16.18,-1.00
1000,0,34.94,-1.00
1000,0,43.79,-1.00
1000,0,18.99,-1.00
1000,0,40.15,-1.00
1000,0,35.53,-1.00
1000,0,28.29,-1.00
1000,0,29.70,-1.00
1000,0,92.57,-1.00
1000,0,23.00,-1.00
1000,0,21.27,-1.00
1000,0,22.31,-1.00
1000,0,22.12,-1.00
1000,0,42.26,-1.00
1000,0,82.29,-1.00
1000,0,23.34,-1.00
1000,0,83.73,-1.00
1000,0,47.02,-1.00
1000,0,38.41,-1.00
1000,0,21.34,-1.00
1000,0,34.64,-1.00
1000,0,38.61,-1.00
1000,0,25.61,-1.00
1000,0,23.77,-1.00
1000,0,41.78,-1.00
1000,0,29.64,-1.00
1000,0,47.08,-1.00
1000,0,31.64,-1.00
1000,0,37.76,-1.00
1000,0,42.13,-1.00
1000,0,65.39,-1.00
1000,0,54.00,-1.00
1000,0,62.15,-1.00
1000,0,69.74,-1.00
1000,0,61.48,-1.00
1000,0,93.18,-1.00
1000,0,60.80,-1.00
1000,0,43.09,-1.00
1000,0,40.32,-1.00
1000,0,22.55,-1.00
1000,0,114.17,-1.00
1000,0,30.04,-1.00
1000,0,40.18,-1.00
1000,0,51.53,-1.00
1000,0,45.42,-1.00
1000,0,42.62,-1.00
1000,0,32.67,-1.00
1000,0,19.45,-1.00
1000,0,83.54,-1.00
1000,0,105.21,-1.00
1000,0,118.72,-1.00
1000,0,44.27,-1.00
1000,0,60.08,-1.00
1000,0,26.68,-1.00
1000,0,60.85,-1.00
1000,0,30.75,-1.00
1000,0,74.10,-1.00
1000,0,59.71,-1.00
1000,0,35.09,-1.00
1000,0,57.96,-1.00
1000,0,37.46,-1.00
1000,0,20.51,-1.00
1000,0,30.83,-1.00
1000,0,16.45,-1.00
1000,0,42.92,-1.00
1000,0,23.76,-1.00
1000,0,80.20,-1.00
1000,0,15.05,-1.00
1000,0,30.70,-1.00
1000,0,49.14,-1.00
1000,0,45.91,-1.00
1000,0,31.66,-1.00
1000,0,95.26,-1.00
1000,0,32.35,-1.00
1000,0,14.87,-1.00
1000,0,34.93,-1.00
1000,0,29.28,-1.00
1000,0,45.18,-1.00
1000,0,33.29,-1.00
1000,0,47.06,-1.00
1000,0,19.96,-1.00
1000,0,51.24,-1.00
1000,0,53.09,-1.00
1000,0,19.30,-1.00
1000,0,82.38,-1.00
1000,0,24.15,-1.00
1000,0,51.92,-1.00
1000,0,21.23,-1.00
1000,0,13.75,-1.00
1000,0,33.44,-1.00
1000,0,14.33,-1.00
1000,0,29.09,-1.00
1000,0,42.54,-1.00
1000,0,37.83,-1.00
1000,0,26.28,-1.00
1000,0,34.03,-1.00
1000,0,41.60,-1.00
1000,0,22.91,-1.00
1000,0,30.06,-1.00
1000,0,21.14,-1.00
1000,0,51.75,-1.00
1000,0,79.23,-1.00
1000,0,34.90,-1.00
1000,0,45.31,-1.00
1000,0,49.92,-1.00
1000,0,44.34,-1.00
1000,0,91.54,-1.00
1000,0,68.39,-1.00
1000,0,54.72,-1.00
1000,0,40.10,-1.00
1000,0,18.32,-1.00
1000,0,45.64,-1.00
1000,0,40.64,-1.00
1000,0,50.24,-1.00
1000,0,36.28,-1.00
1000,0,46.01,-1.00
1000,0,53.95,-1.00
1000,0,70.45,-1.00
1000,0,77.04,-1.00
1000,0,17.42,-1.00
1000,0,63.52,-1.00
1000,0,51.50,-1.00
1000,0,30.96,-1.00
1000,0,56.30,-1.00
1000,0,26.74,-1.00
1000,0,55.68,-1.00
1000,0,28.58,-1.00
1000,0,60.86,-1.00
1000,0,30.16,-1.00
1000,0,65.93,-1.00
1000,0,27.81,-1.00
1000,0,21.15,-1.00
1000,0,20.21,-1.00
1000,0,57.81,-1.00
1000,0,25.82,-1.00
1000,0,79.85,-1.00
1000,0,28.77,-1.00
1000,0,53.72,-1.00
1000,0,25.05,-1.00
1000,0,150.13,-1.00
1000,0,64.03,-1.00
1000,0,38.72,-1.00
1000,0,19.49,-1.00
1000,0,60.51,-1.00
1000,0,66.85,-1.00
1000,0,51.85,-1.00
1000,0,25.50,-1.00
1000,0,47.73,-1.00
1000,0,41.87,-1.00
1000,0,62.59,-1.00
1000,0,68.93,-1.00
1000,0,52.33,-1.00
1000,0,49.21,-1.00
1000,0,38.15,-1.00
1000,0,27.40,-1.00
1000,0,42.49,-1.00
1000,0,90.82,-1.00
1000,0,84.40,-1.00
1000,0,19.05,-1.00
1000,0,21.41,-1.00
1000,0,56.17,-1.00
1000,0,45.14,-1.00
1000,0,19.70,-1.00
1000,0,30.27,-1.00
1000,0,43.28,-1.00
1000,0,45.06,-1.00
1000,0,41.42,-1.00
1000,0,28.66,-1.00
1000,0,122.59,-1.00
1000,0,44.46,-1.00
1000,0,24.78,-1.00
1000,0,75.14,-1.00
1000,0,19.96,-1.00
1000,0,27.64,-1.00
1000,0,27.84,-1.00
1000,0,42.28,-1.00
1000,0,22.07,-1.00
1000,0,50.39,-1.00
1000,0,69.33,-1.00
1000,0,20.52,-1.00
1000,0,52.82,-1.00
1000,0,29.28,-1.00
1000,0,29.63,-1.00
1000,0,64.33,-1.00
1000,0,40.54,-1.00
1000,0,33.32,-1.00
1000,0,54.83,-1.00
1000,0,43.77,-1.00
1000,0,18.72,-1.00
1000,0,37.49,-1.00
1000,0,47.32,-1.00
1000,0,71.00,-1.00
1000,0,25.01,-1.00
1000,0,35.54,-1.00
1000,0,93.05,-1.00
1000,0,31.09,-1.00
1000,0,78.66,-1.00
1000,0,32.96,-1.00
1000,0,28.71,-1.00
1000,0,48.26,-1.00
1000,0,37.90,-1.00
1000,0,19.86,-1.00
1000,0,21.96,-1.00
1000,0,60.41,-1.00
1000,0,46.19,-1.00
1000,0,25.85,-1.00
1000,0,26.65,-1.00
1000,0,126.50,-1.00
1000,0,79.78,-1.00
1000,0,16.93,-1.00
1000,0,67.57,-1.00
1000,0,56.53,-1.00
1000,0,40.48,-1.00
1000,0,37.08,-1.00
1000,0,60.77,-1.00
1000,0,88.55,-1.00
1000,0,31.64,-1.00
1000,0,69.80,-1.00
1000,0,42.14,-1.00
1000,0,37.55,-1.00
1000,0,53.97,-1.00
1000,0,57.21,-1.00
1000,0,42.31,-1.00
1000,0,48.88,-1.00
1000,0,36.53,-1.00
1000,0,36.96,-1.00
1000,0,44.60,-1.00
1000,0,89.42,-1.00
1000,0,56.05,-1.00
1000,0,54.49,-1.00
1000,0,21.49,-1.00
1000,0,31.89,-1.00
1000,0,56.02,-1.00
1000,0,46.69,-1.00
1000,0,46.67,-1.00
1000,0,70.48,-1.00
1000,0,24.53,-1.00
1000,0,22.73,-1.00
1000,0,33.59,-1.00
1000,0,27.40,-1.00
1000,0,37.97,-1.00
1000,0,69.65,-1.00
1000,0,41.99,-1.00
1000,0,45.88,-1.00
1000,0,47.13,-1.00
1000,0,38.03,-1.00
1000,0,87.03,-1.00
1000,0,76.22,-1.00
1000,0,50.82,-1.00
1000,0,29.84,-1.00
1000,0,69.09,-1.00
1000,0,24.67,-1.00
1000,0,28.48,-1.00
1000,0,119.63,-1.00
1000,0,16.44,-1.00
1000,0,36.14,-1.00
1000,0,11.27,-1.00
1000,0,34.13,-1.00
1000,0,43.02,-1.00
1000,0,54.46,-1.00
1000,0,52.72,-1.00
1000,0,75.46,-1.00
1000,0,80.68,-1.00
1000,0,26.88,-1.00
1000,0,52.94,-1.00
1000,0,19.35,-1.00
1000,0,38.51,-1.00
1000,0,46.91,-1.00
1000,0,100.28,-1.00
1000,0,17.54,-1.00
1000,0,85.49,-1.00
1000,0,30.59,-1.00
1000,0,21.80,-1.00
1000,0,25.62,-1.00
1000,0,53.84,-1.00
1000,0,21.36,-1.00
1000,0,75.97,-1.00
1000,0,33.60,-1.00
1000,0,17.14,-1.00
1000,0,20.29,-1.00
1000,0,28.38,-1.00
1000,0,52.89,-1.00
1000,0,32.58,-1.00
1000,0,70.76,-1.00
1000,0,17.84,-1.00
1000,0,80.40,-1.00
1000,0,48.93,-1.00
1000,0,37.99,-1.00
1000,0,24.33,-1.00
1000,0,56.30,-1.00
1000,0,23.33,-1.00
1000,0,26.75,-1.00
1000,0,32.17,-1.00
1000,0,34.08,-1.00
1000,0,35.29,-1.00
1000,0,66.60,-1.00
1000,0,37.82,-1.00
1000,0,86.46,-1.00
1000,0,67.49,-1.00
1000,0,29.51,-1.00
1000,0,24.91,-1.00
1000,0,51.05,-1.00
1000,0,85.56,-1.00
1000,0,44.94,-1.00
1000,0,70.76,-1.00
1000,0,27.00,-1.00
1000,0,88.26,-1.00
1000,0,43.04,-1.00
1000,0,65.57,-1.00
1000,0,30.32,-1.00
1000,0,52.92,-1.00
1000,0,52.89,-1.00
1000,0,34.85,-1.00
1000,0,37.43,-1.00
1000,0,35.85,-1.00
1000,0,63.26,-1.00
1000,0,59.70,-1.00
1000,0,93.84,-1.00
1000,0,26.78,-1.00
1000,0,97.94,-1.00
1000,0,65.56,-1.00
1000,0,64.51,-1.00
1000,0,33.33,-1.00
1000,0,27.64,-1.00
1000,0,61.83,-1.00
1000,0,69.07,-1.00
1000,0,23.61,-1.00
1000,0,56.17,-1.00
1000,0,83.63,-1.00
1000,0,29.17,-1.00
1000,0,57.14,-1.00
1000,0,109.67,-1.00
1000,0,36.77,-1.00
1000,0,73.26,-1.00
1000,0,33.45,-1.00
1000,0,19.93,-1.00
1000,0,89.72,-1.00
1000,0,47.07,-1.00
1000,0,57.63,-1.00
1000,0,53.76,-1.00
1000,0,35.33,-1.00
1000,0,24.84,-1.00
1000,0,24.20,-1.00
1000,0,87.68,-1.00
1000,0,46.02,-1.00
1000,0,105.53,-1.00
1000,0,32.38,-1.00
1000,0,70.01,-1.00
1000,0,48.35,-1.00
1000,0,62.96,-1.00
1000,0,40.08,-1.00
1000,0,105.88,-1.00
1000,0,67.69,-1.00
1000,0,69.57,-1.00
1000,0,50.54,-1.00
1000,0,35.60,-1.00
1000,0,56.28,-1.00
1000,0,57.20,-1.00
1000,0,90.16,-1.00
1000,0,46.51,-1.00
1000,0,20.65,-1.00
1000,0,18.52,-1.00
1000,0,41.13,-1.00
1000,0,27.18,-1.00
1000,0,21.85,-1.00
1000,0,35.23,-1.00
1000,0,59.15,-1.00
1000,0,42.21,-1.00
1000,0,47.85,-1.00
1000,0,62.18,-1.00
1000,0,26.68,-1.00
1000,0,67.52,-1.00
1000,0,23.51,-1.00
1000,0,68.26,-1.00
1000,0,30.07,-1.00
1000,0,60.90,-1.00
1000,0,37.35,-1.00
1000,0,61.45,-1.00
1000,0,59.11,-1.00
1000,0,90.40,-1.00
1000,0,37.58,-1.00
1000,0,96.48,-1.00
1000,0,66.56,-1.00
1000,0,31.19,-1.00
1000,0,24.63,-1.00
1000,0,19.14,-1.00
1000,0,48.57,-1.00
1000,0,78.53,-1.00
1000,0,41.43,-1.00
1000,0,54.92,-1.00
1000,0,15.87,-1.00
1000,0,35.43,-1.00
1000,0,46.67,-1.00
1000,0,38.22,-1.00
1000,0,139.25,-1.00
1000,0,30.86,-1.00
1000,0,19.05,-1.00
1000,0,63.66,-1.00
1000,0,27.48,-1.00
1000,0,44.68,-1.00
1000,0,53.47,-1.00
1000,0,57.53,-1.00
1000,0,78.97,-1.00
1000,0,29.75,-1.00
1000,0,68.46,-1.00
1000,0,27.81,-1.00
1000,0,23.47,-1.00
1000,0,21.03,-1.00
1000,0,47.13,-1.00
1000,0,23.09,-1.00
1000,0,16.51,-1.00
1000,0,45.95,-1.00
1000,0,33.37,-1.00
1000,0,29.51,-1.00
1000,0,55.33,-1.00
1000,0,26.08,-1.00
1000,0,29.70,-1.00
1000,0,26.27,-1.00
1000,0,50.25,-1.00
1000,0,29.80,-1.00
1000,0,28.80,-1.00
1000,0,24.54,-1.00
1000,0,37.04,-1.00
1000,0,41.43,-1.00
1000,0,43.97,-1.00
1000,0,42.25,-1.00
1000,0,55.24,-1.00
1000,0,54.33,-1.00
1000,0,42.44,-1.00
1000,0,50.40,-1.00
1000,0,22.40,-1.00
1000,0,28.32,-1.00
1000,0,34.00,-1.00
1000,0,50.37,-1.00
1000,0,62.49,-1.00
1000,0,66.17,-1.00
1000,0,44.12,-1.00
1000,0,55.44,-1.00
1000,0,33.38,-1.00
1000,0,27.31,-1.00
1000,0,28.75,-1.00
1000,0,42.52,-1.00
1000,0,46.83,-1.00
1000,0,21.49,-1.00
1000,0,60.26,-1.00
1000,0,41.61,-1.00
1000,0,70.63,-1.00
1000,0,24.00,-1.00
1000,0,31.58,-1.00
1000,0,52.92,-1.00
1000,0,59.95,-1.00
1000,0,32.59,-1.00
1000,0,77.48,-1.00
1000,0,74.78,-1.00
1000,0,46.48,-1.00
1000,0,119.41,-1.00
1000,0,84.91,-1.00
1000,0,36.96,-1.00
1000,0,23.03,-1.00
1000,0,18.09,-1.00
1000,0,40.54,-1.00
1000,0,34.22,-1.00
1000,0,70.00,-1.00
1000,0,23.09,-1.00
1000,0,38.55,-1.00
1000,0,33.96,-1.00
1000,0,98.82,-1.00
1000,0,16.37,-1.00
1000,0,39.04,-1.00
1000,0,72.67,-1.00
1000,0,48.50,-1.00
1000,0,22.72,-1.00
1000,0,29.86,-1.00
1000,0,55.02,-1.00
1000,0,32.15,-1.00
1000,0,78.72,-1.00
1000,0,28.50,-1.00
1000,0,64.67,-1.00
1000,0,54.14,-1.00
1000,0,100.35,-1.00
1000,0,39.18,-1.00
1000,0,39.66,-1.00
1000,0,34.06,-1.00
1000,0,29.15,-1.00
1000,0,16.46,-1.00
1000,0,26.35,-1.00
1000,0,32.74,-1.00
1000,0,69.56,-1.00
1000,0,39.58,-1.00
1000,0,17.83,-1.00
1000,0,54.49,-1.00
1000,0,31.27,-1.00
1000,0,35.94,-1.00
1000,0,42.29,-1.00
1000,0,36.46,-1.00
1000,0,30.71,-1.00
1000,0,17.84,-1.00
1000,0,28.00,-1.00
1000,0,19.68,-1.00
1000,0,24.12,-1.00
1000,0,68.79,-1.00
1000,0,42.31,-1.00
1000,0,36.52,-1.00
1000,0,21.15,-1.00
1000,0,32.52,-1.00
1000,0,56.35,-1.00
1000,0,48.78,-1.00
1000,0,41.11,-1.00
1000,0,22.91,-1.00
1000,0,39.44,-1.00
1000,0,15.66,-1.00
1000,0,36.79,-1.00
1000,0,22.16,-1.00
1000,0,20.29,-1.00
1000,0,30.76,-1.00
1000,0,75.46,-1.00
1000,0,52.28,-1.00
1000,0,31.97,-1.00
1000,0,20.10,-1.00
1000,0,29.69,-1.00
1000,0,24.51,-1.00
1000,0,33.31,-1.00
1000,0,32.08,-1.00
1000,0,20.95,-1.00
1000,0,41.56,-1.00
1000,0,35.52,-1.00
1000,0,88.21,-1.00
1000,0,52.13,-1.00
1000,0,45.15,-1.00
1000,0,57.38,-1.00
1000,0,32.71,-1.00
1000,0,37.19,-1.00
1000,0,62.15,-1.00
1000,0,21.64,-1.00
1000,0,41.22,-1.00
1000,0,54.32,-1.00
1000,0,58.75,-1.00
1000,0,37.37,-1.00
1000,0,84.57,-1.00
1000,0,37.91,-1.00
1000,0,42.27,-1.00
1000,0,68.93,-1.00
1000,0,75.59,-1.00
1000,0,45.56,-1.00
1000,0,49.09,-1.00
1000,0,32.96,-1.00
1000,0,34.96,-1.00
1000,0,65.61,-1.00
1000,0,59.44,-1.00
1000,0,29.49,-1.00
1000,0,27.82,-1.00
1000,0,29.71,-1.00
1000,0,20.07,-1.00
1000,0,19.53,-1.00
1000,0,35.19,-1.00
1000,0,50.94,-1.00
1000,0,77.21,-1.00
1000,0,30.53,-1.00
1000,0,37.97,-1.00
1000,0,31.20,-1.00
1000,0,69.26,-1.00
1000,0,45.04,-1.00
1000,0,22.52,-1.00
1000,0,64.69,-1.00
1000,0,92.51,-1.00
1000,0,38.50,-1.00
1000,0,39.94,-1.00
1000,0,27.72,-1.00
1000,0,26.54,-1.00
1000,0,15.65,-1.00
1000,0,29.13,-1.00
1000,0,50.70,-1.00
1000,0,15.93,-1.00
1000,0,24.89,-1.00
1000,0,17.24,-1.00
1000,0,88.50,-1.00
1000,0,42.19,-1.00
1000,0,87.53,-1.00
1000,0,18.34,-1.00
1000,0,81.30,-1.00
1000,0,45.12,-1.00
1000,0,38.40,-1.00
1000,0,63.38,-1.00
1000,0,30.35,-1.00
1000,0,24.33,-1.00
1000,0,35.68,-1.00
1000,0,61.72,-1.00
1000,0,79.06,-1.00
1000,0,74.42,-1.00
1000,0,39.74,-1.00
1000,0,46.79,-1.00
1000,0,24.20,-1.00
1000,0,66.14,-1.00
1000,0,60.21,-1.00
1000,0,24.60,-1.00
1000,0,85.63,-1.00
1000,0,87.98,-1.00
1000,0,56.33,-1.00
1000,0,32.74,-1.00
1000,0,32.27,-1.00
1000,0,62.72,-1.00
1000,0,51.92,-1.00
1000,0,106.45,-1.00
1000,0,37.54,-1.00
1000,0,33.76,-1.00
1000,0,19.23,-1.00
1000,0,45.71,-1.00
1000,0,52.93,-1.00
1000,0,39.02,-1.00
1000,0,48.90,-1.00
1000,0,36.11,-1.00
1000,0,140.59,-1.00
1000,0,47.43,-1.00
1000,0,78.26,-1.00
1000,0,44.80,-1.00
1000,0,25.79,-1.00
1000,0,25.80,-1.00
1000,0,45.52,-1.00
1000,0,21.01,-1.00
1000,0,49.74,-1.00
1000,0,48.64,-1.00
1000,0,66.59,-1.00
1000,0,68.75,-1.00
1000,0,27.04,-1.00
1000,0,32.65,-1.00
1000,0,33.88,-1.00
1000,0,23.41,-1.00
1000,0,63.90,-1.00
1000,0,22.08,-1.00
1000,0,46.09,-1.00
1000,0,42.34,-1.00
1000,0,20.84,-1.00
1000,0,23.01,-1.00
1000,0,32.17,-1.00
1000,0,33.04,-1.00
1000,0,28.30,-1.00
1000,0,25.57,-1.00
1000,0,19.99,-1.00
1000,0,14.19,-1.00
1000,0,56.54,-1.00
1000,0,36.89,-1.00
1000,0,54.20,-1.00
1000,0,32.55,-1.00
1000,0,98.23,-1.00
1000,0,46.59,-1.00
1000,0,40.52,-1.00
1000,0,18.26,-1.00
1000,0,32.65,-1.00
1000,0,24.99,-1.00
1000,0,15.51,-1.00
1000,0,111.54,-1.00
1000,0,90.06,-1.00
1000,0,65.90,-1.00
1000,0,49.91,-1.00
1000,0,18.41,-1.00
1000,0,79.60,-1.00
1000,0,47.16,-1.00
1000,0,34.19,-1.00
1000,0,86.10,-1.00
1000,0,26.72,-1.00
1000,0,88.93,-1.00
1000,0,43.50,-1.00
1000,0,33.21,-1.00
1000,0,48.83,-1.00
1000,0,81.82,-1.00
1000,0,63.30,-1.00
1000,0,57.17,-1.00
936,64,207.18,229.34
1000,0,43.54,-1.00
1000,0,60.01,-1.00
1000,0,23.48,-1.00
1000,0,21.77,-1.00
1000,0,41.47,-1.00
1000,0,63.77,-1.00
1000,0,93.02,-1.00
1000,0,60.04,-1.00
1000,0,30.42,-1.00
1000,0,23.34,-1.00
1000,0,56.51,-1.00
1000,0,86.89,-1.00
1000,0,54.76,-1.00
1000,0,29.11,-1.00
1000,0,48.33,-1.00
1000,0,18.81,-1.00
1000,0,41.65,-1.00
1000,0,42.59,-1.00
1000,0,31.33,-1.00
1000,0,38.65,-1.00
1000,0,38.39,-1.00
1000,0,65.94,-1.00
1000,0,71.29,-1.00
1000,0,53.15,-1.00
1000,0,27.96,-1.00
1000,0,52.90,-1.00
1000,0,72.69,-1.00
1000,0,35.31,-1.00
1000,0,164.31,-1.00
1000,0,51.83,-1.00
1000,0,24.74,-1.00
1000,0,36.29,-1.00
1000,0,60.78,-1.00
1000,0,92.28,-1.00
1000,0,42.92,-1.00
1000,0,29.67,-1.00
1000,0,27.05,-1.00
1000,0,54.83,-1.00
1000,0,67.31,-1.00
1000,0,28.94,-1.00
1000,0,45.95,-1.00
1000,0,28.98,-1.00
1000,0,15.32,-1.00
1000,0,28.04,-1.00
1000,0,32.04,-1.00
1000,0,17.68,-1.00
1000,0,57.68,-1.00
1000,0,43.73,-1.00
1000,0,44.63,-1.00
1000,0,59.02,-1.00
1000,0,16.16,-1.00
1000,0,19.27,-1.00
1000,0,36.60,-1.00
1000,0,31.66,-1.00
1000,0,60.97,-1.00
1000,0,36.68,-1.00
1000,0,26.60,-1.00
1000,0,35.76,-1.00
1000,0,49.37,-1.00
1000,0,31.87,-1.00
1000,0,48.17,-1.00
1000,0,80.87,-1.00
1000,0,43.35,-1.00
1000,0,24.98,-1.00
1000,0,39.54,-1.00
1000,0,20.03,-1.00
1000,0,23.21,-1.00
1000,0,40.00,-1.00
1000,0,58.12,-1.00
1000,0,30.53,-1.00
1000,0,35.00,-1.00
1000,0,40.72,-1.00
1000,0,62.63,-1.00
1000,0,94.44,-1.00
1000,0,25.20,-1.00
1000,0,66.72,-1.00
1000,0,27.81,-1.00
1000,0,22.71,-1.00
1000,0,28.17,-1.00
1000,0,50.35,-1.00
1000,0,56.18,-1.00
1000,0,56.35,-1.00
1000,0,111.55,-1.00
1000,0,33.26,-1.00
1000,0,50.72,-1.00
1000,0,70.89,-1.00
1000,0,30.13,-1.00
1000,0,22.31,-1.00
1000,0,26.86,-1.00
1000,0,32.32,-1.00
1000,0,75.42,-1.00
1000,0,39.82,-1.00
1000,0,53.38,-1.00
1000,0,82.91,-1.00
1000,0,25.66,-1.00
1000,0,79.32,-1.00
1000,0,32.99,-1.00
1000,0,23.61,-1.00
1000,0,23.84,-1.00
1000,0,47.55,-1.00
1000,0,65.29,-1.00
1000,0,38.63,-1.00
1000,0,26.76,-1.00
1000,0,44.13,-1.00
1000,0,33.66,-1.00
1000,0,40.69,-1.00
1000,0,60.87,-1.00
1000,0,37.29,-1.00
1000,0,56.98,-1.00
1000,0,26.12,-1.00
1000,0,17.67,-1.00
1000,0,36.60,-1.00
1000,0,48.27,-1.00
1000,0,26.31,-1.00
1000,0,36.65,-1.00
1000,0,16.46,-1.00
1000,0,30.45,-1.00
1000,0,23.47,-1.00
1000,0,56.68,-1.00
1000,0,30.95,-1.00
1000,0,23.56,-1.00
1000,0,26.39,-1.00
1000,0,42.09,-1.00
1000,0,51.10,-1.00
1000,0,47.91,-1.00
1000,0,17.04,-1.00
1000,0,75.89,-1.00
1000,0,59.40,-1.00
1000,0,47.00,-1.00
1000,0,35.46,-1.00
1000,0,39.02,-1.00
1000,0,86.18,-1.00
1000,0,29.81,-1.00
1000,0,41.51,-1.00
1000,0,25.57,-1.00
1000,0,57.15,-1.00
1000,0,123.55,-1.00
1000,0,79.40,-1.00
1000,0,45.12,-1.00
1000,0,16.53,-1.00
1000,0,17.93,-1.00
1000,0,57.52,-1.00
1000,0,28.74,-1.00
1000,0,77.12,-1.00
1000,0,25.73,-1.00
1000,0,64.45,-1.00
1000,0,72.73,-1.00
1000,0,36.85,-1.00
1000,0,23.37,-1.00
1000,0,21.48,-1.00
1000,0,38.02,-1.00
1000,0,115.74,-1.00
1000,0,162.88,-1.00
1000,0,19.74,-1.00
1000,0,42.25,-1.00
1000,0,36.65,-1.00
1000,0,38.93,-1.00
1000,0,38.53,-1.00
1000,0,61.23,-1.00
1000,0,35.55,-1.00
1000,0,24.97,-1.00
1000,0,31.96,-1.00
1000,0,35.20,-1.00
1000,0,83.06,-1.00
1000,0,27.21,-1.00
1000,0,84.54,-1.00
1000,0,44.79,-1.00
1000,0,70.46,-1.00
1000,0,20.35,-1.00
1000,0,57.05,-1.00
1000,0,67.29,-1.00
1000,0,49.31,-1.00
1000,0,30.53,-1.00
1000,0,22.14,-1.00
1000,0,38.14,-1.00
1000,0,93.50,-1.00
1000,0,54.95,-1.00
1000,0,77.56,-1.00
1000,0,39.52,-1.00
1000,0,31.93,-1.00
1000,0,41.36,-1.00
1000,0,16.36,-1.00
1000,0,78.85,-1.00
1000,0,38.69,-1.00
1000,0,27.12,-1.00
1000,0,20.88,-1.00
1000,0,32.26,-1.00
1000,0,27.86,-1.00
1000,0,52.57,-1.00
1000,0,22.83,-1.00
1000,0,110.75,-1.00
1000,0,16.04,-1.00
1000,0,106.83,-1.00
1000,0,18.22,-1.00
1000,0,61.71,-1.00
1000,0,49.56,-1.00
1000,0,60.28,-1.00
1000,0,93.79,-1.00
1000,0,30.63,-1.00
1000,0,28.07,-1.00
1000,0,57.55,-1.00
1000,0,53.53,-1.00
1000,0,24.43,-1.00
1000,0,29.08,-1.00
1000,0,34.06,-1.00
1000,0,50.22,-1.00
1000,0,27.11,-1.00
1000,0,81.69,-1.00
1000,0,24.46,-1.00
1000,0,27.95,-1.00
1000,0,23.76,-1.00
1000,0,45.56,-1.00
1000,0,28.50,-1.00
1000,0,57.51,-1.00
1000,0,28.07,-1.00
1000,0,40.63,-1.00
1000,0,62.83,-1.00
1000,0,45.85,-1.00
1000,0,34.13,-1.00
1000,0,40.24,-1.00
1000,0,43.98,-1.00
1000,0,31.01,-1.00
1000,0,50.40,-1.00
1000,0,47.37,-1.00
1000,0,19.67,-1.00
1000,0,74.32,-1.00
1000,0,64.51,-1.00
1000,0,52.74,-1.00
1000,0,84.15,-1.00
1000,0,59.00,-1.00
1000,0,20.71,-1.00
1000,0,19.48,-1.00
1000,0,40.43,-1.00
1000,0,33.19,-1.00
1000,0,50.44,-1.00
1000,0,38.74,-1.00
1000,0,15.55,-1.00
1000,0,71.11,-1.00
1000,0,43.71,-1.00
1000,0,33.80,-1.00
1000,0,37.69,-1.00
1000,0,71.11,-1.00
1000,0,93.25,-1.00
1000,0,81.96,-1.00
1000,0,16.60,-1.00
1000,0,31.97,-1.00
1000,0,28.10,-1.00
1000,0,47.06,-1.00
1000,0,56.58,-1.00
1000,0,89.32,-1.00
1000,0,33.27,-1.00
1000,0,35.66,-1.00
1000,0,25.60,-1.00
1000,0,55.84,-1.00
1000,0,41.80,-1.00
1000,0,32.84,-1.00
1000,0,27.20,-1.00
1000,0,46.57,-1.00
1000,0,21.14,-1.00
1000,0,32.69,-1.00
1000,0,84.06,-1.00
1000,0,39.57,-1.00
1000,0,45.53,-1.00
1000,0,44.68,-1.00
1000,0,51.19,-1.00
1000,0,70.75,-1.00
1000,0,23.02,-1.00
1000,0,42.74,-1.00
1000,0,19.16,-1.00
1000,0,33.21,-1.00
1000,0,21.27,-1.00
1000,0,52.58,-1.00
1000,0,23.57,-1.00
1000,0,49.47,-1.00
1000,0,63.78,-1.00
1000,0,24.61,-1.00
1000,0,20.31,-1.00
1000,0,62.65,-1.00
1000,0,23.33,-1.00
1000,0,48.17,-1.00
1000,0,135.12,-1.00
1000,0,40.93,-1.00
1000,0,55.07,-1.00
1000,0,26.89,-1.00
1000,0,33.88,-1.00
1000,0,30.41,-1.00
1000,0,35.94,-1.00
1000,0,32.04,-1.00
1000,0,61.59,-1.00
1000,0,94.70,-1.00
1000,0,36.19,-1.00
1000,0,30.77,-1.00
1000,0,15.91,-1.00
1000,0,71.68,-1.00
1000,0,37.94,-1.00
1000,0,74.98,-1.00
1000,0,23.28,-1.00
1000,0,65.47,-1.00
1000,0,40.10,-1.00
1000,0,26.93,-1.00
1000,0,89.38,-1.00
1000,0,25.03,-1.00
1000,0,14.14,-1.00
1000,0,73.53,-1.00
1000,0,35.84,-1.00
1000,0,34.36,-1.00
1000,0,84.13,-1.00
1000,0,92.60,-1.00
1000,0,35.73,-1.00
1000,0,97.92,-1.00
1000,0,13.83,-1.00
1000,0,38.88,-1.00
1000,0,35.79,-1.00
1000,0,45.25,-1.00
1000,0,112.37,-1.00
1000,0,29.35,-1.00
1000,0,24.90,-1.00
1000,0,34.64,-1.00
1000,0,35.53,-1.00
1000,0,26.50,-1.00
1000,0,22.49,-1.00
1000,0,37.70,-1.00
1000,0,35.88,-1.00
1000,0,34.85,-1.00
1000,0,53.36,-1.00
1000,0,35.72,-1.00
1000,0,18.71,-1.00
1000,0,16.14,-1.00
1000,0,36.86,-1.00
1000,0,34.59,-1.00
1000,0,54.78,-1.00
1000,0,15.86,-1.00
1000,0,77.49,-1.00
1000,0,71.35,-1.00
1000,0,19.70,-1.00
1000,0,90.72,-1.00
1000,0,25.70,-1.00
1000,0,43.04,-1.00
1000,0,40.53,-1.00
1000,0,92.41,-1.00
1000,0,26.32,-1.00
1000,0,39.77,-1.00
1000,0,52.91,-1.00
1000,0,14.98,-1.00
1000,0,17.98,-1.00
1000,0,80.77,-1.00
1000,0,38.20,-1.00
1000,0,29.30,-1.00
1000,0,50.03,-1.00
1000,0,50.23,-1.00
1000,0,38.16,-1.00
1000,0,27.37,-1.00
1000,0,40.46,-1.00
1000,0,118.43,-1.00
1000,0,56.42,-1.00
1000,0,56.93,-1.00
1000,0,58.74,-1.00
1000,0,51.95,-1.00
1000,0,33.02,-1.00
1000,0,63.98,-1.00
1000,0,42.97,-1.00
1000,0,26.81,-1.00
1000,0,37.52,-1.00
1000,0,41.08,-1.00
1000,0,45.14,-1.00
1000,0,39.32,-1.00
1000,0,64.73,-1.00
1000,0,23.56,-1.00
1000,0,39.99,-1.00
1000,0,36.96,-1.00
1000,0,21.37,-1.00
1000,0,80.08,-1.00
1000,0,45.98,-1.00
1000,0,34.27,-1.00
1000,0,95.96,-1.00
1000,0,98.14,-1.00
1000,0,96.98,-1.00
1000,0,27.94,-1.00
1000,0,86.24,-1.00
1000,0,41.01,-1.00
1000,0,38.72,-1.00
1000,0,41.77,-1.00
1000,0,32.47,-1.00
1000,0,42.98,-1.00
1000,0,58.88,-1.00
1000,0,63.02,-1.00
1000,0,37.04,-1.00
1000,0,41.76,-1.00
1000,0,29.99,-1.00
1000,0,38.71,-1.00
1000,0,96.75,-1.00
1000,0,29.52,-1.00
1000,0,32.56,-1.00
1000,0,61.61,-1.00
1000,0,66.76,-1.00
1000,0,40.27,-1.00
1000,0,36.24,-1.00
1000,0,26.59,-1.00
1000,0,41.98,-1.00
1000,0,34.84,-1.00
1000,0,56.75,-1.00
1000,0,22.71,-1.00
1000,0,50.23,-1.00
1000,0,63.93,-1.00
1000,0,30.68,-1.00
1000,0,42.48,-1.00
1000,0,23.47,-1.00
1000,0,33.05,-1.00
1000,0,30.09,-1.00
1000,0,40.11,-1.00
1000,0,55.69,-1.00
1000,0,72.90,-1.00
1000,0,37.69,-1.00
1000,0,29.15,-1.00
1000,0,48.31,-1.00
1000,0,54.52,-1.00
1000,0,28.80,-1.00
1000,0,40.49,-1.00
1000,0,141.03,-1.00
1000,0,69.45,-1.00
1000,0,88.92,-1.00
1000,0,89.52,-1.00
1000,0,56.49,-1.00
1000,0,64.58,-1.00
1000,0,83.03,-1.00
1000,0,97.17,-1.00
1000,0,16.82,-1.00
1000,0,79.11,-1.00
1000,0,69.78,-1.00
1000,0,43.72,-1.00
1000,0,42.61,-1.00
1000,0,26.41,-1.00
1000,0,58.99,-1.00
1000,0,52.26,-1.00
1000,0,45.86,-1.00
1000,0,78.98,-1.00
1000,0,51.04,-1.00
1000,0,69.55,-1.00
1000,0,66.55,-1.00
1000,0,58.36,-1.00
1000,0,57.24,-1.00
1000,0,52.21,-1.00
1000,0,38.19,-1.00
1000,0,32.69,-1.00
1000,0,21.82,-1.00
1000,0,37.77,-1.00
1000,0,28.40,-1.00
1000,0,68.66,-1.00
1000,0,73.23,-1.00
1000,0,61.81,-1.00
1000,0,17.24,-1.00
1000,0,50.42,-1.00
1000,0,39.87,-1.00
1000,0,39.92,-1.00
1000,0,59.10,-1.00
1000,0,37.00,-1.00
1000,0,23.44,-1.00
1000,0,71.05,-1.00
1000,0,35.13,-1.00
1000,0,92.19,-1.00
1000,0,48.00,-1.00
1000,0,52.27,-1.00
1000,0,58.20,-1.00
1000,0,52.69,-1.00
1000,0,56.96,-1.00
1000,0,63.12,-1.00
1000,0,22.31,-1.00
1000,0,84.04,-1.00
1000,0,16.66,-1.00
1000,0,31.30,-1.00
1000,0,34.42,-1.00
1000,0,20.60,-1.00
1000,0,56.50,-1.00
1000,0,105.20,-1.00
1000,0,28.35,-1.00
1000,0,43.91,-1.00
1000,0,30.18,-1.00
1000,0,25.95,-1.00
1000,0,45.08,-1.00
1000,0,15.31,-1.00
1000,0,12.80,-1.00
1000,0,145.78,-1.00
1000,0,28.33,-1.00
1000,0,31.58,-1.00
1000,0,84.49,-1.00
1000,0,95.20,-1.00
1000,0,88.02,-1.00
1000,0,36.34,-1.00
1000,0,18.21,-1.00
1000,0,77.83,-1.00
1000,0,26.31,-1.00
1000,0,28.57,-1.00
1000,0,35.51,-1.00
1000,0,53.70,-1.00
1000,0,20.49,-1.00
1000,0,38.75,-1.00
1000,0,40.19,-1.00
1000,0,77.77,-1.00
1000,0,82.53,-1.00
1000,0,19.91,-1.00
1000,0,18.24,-1.00
1000,0,48.97,-1.00
1000,0,72.81,-1.00
1000,0,41.04,-1.00
1000,0,157.88,-1.00
1000,0,127.35,-1.00
1000,0,23.86,-1.00
1000,0,24.01,-1.00
1000,0,45.85,-1.00
1000,0,55.67,-1.00
1000,0,17.09,-1.00
1000,0,29.06,-1.00
1000,0,29.57,-1.00
1000,0,35.23,-1.00
1000,0,35.46,-1.00
1000,0,36.99,-1.00
1000,0,40.18,-1.00
1000,0,45.99,-1.00
1000,0,60.18,-1.00
1000,0,54.56,-1.00
1000,0,58.08,-1.00
1000,0,53.40,-1.00
1000,0,28.14,-1.00
1000,0,48.94,-1.00
1000,0,26.36,-1.00
1000,0,65.62,-1.00
1000,0,66.58,-1.00
1000,0,19.02,-1.00
1000,0,37.66,-1.00
1000,0,46.53,-1.00
1000,0,24.55,-1.00
1000,0,38.11,-1.00
1000,0,47.86,-1.00
1000,0,21.63,-1.00
1000,0,71.23,-1.00
1000,0,47.29,-1.00
1000,0,39.02,-1.00
1000,0,47.47,-1.00
1000,0,30.41,-1.00
1000,0,27.27,-1.00
1000,0,33.54,-1.00
1000,0,38.00,-1.00
1000,0,23.39,-1.00
1000,0,24.17,-1.00
1000,0,24.10,-1.00
1000,0,28.21,-1.00
1000,0,41.15,-1.00
1000,0,38.45,-1.00
1000,0,37.90,-1.00
1000,0,24.82,-1.00
1000,0,18.77,-1.00
1000,0,55.19,-1.00
1000,0,56.01,-1.00
1000,0,31.07,-1.00
1000,0,20.61,-1.00
1000,0,66.23,-1.00
1000,0,17.75,-1.00
1000,0,36.01,-1.00
1000,0,21.75,-1.00
1000,0,25.00,-1.00
1000,0,31.25,-1.00
1000,0,56.40,-1.00
1000,0,34.61,-1.00
1000,0,46.32,-1.00
1000,0,30.35,-1.00
1000,0,43.80,-1.00
1000,0,22.64,-1.00
1000,0,34.35,-1.00
1000,0,25.08,-1.00
1000,0,15.06,-1.00
1000,0,26.49,-1.00
1000,0,50.57,-1.00
1000,0,20.34,-1.00
1000,0,14.83,-1.00
1000,0,33.89,-1.00
1000,0,52.13,-1.00
1000,0,47.82,-1.00
1000,0,87.32,-1.00
1000,0,28.66,-1.00
1000,0,31.31,-1.00
1000,0,39.24,-1.00
1000,0,46.19,-1.00
1000,0,31.57,-1.00
1000,0,43.05,-1.00
1000,0,37.98,-1.00
1000,0,41.03,-1.00
1000,0,36.39,-1.00
1000,0,110.82,-1.00
1000,0,44.72,-1.00
1000,0,39.12,-1.00
1000,0,26.15,-1.00
1000,0,16.23,-1.00
1000,0,62.82,-1.00
1000,0,32.19,-1.00
1000,0,44.40,-1.00
1000,0,27.80,-1.00
1000,0,31.72,-1.00
1000,0,24.91,-1.00
1000,0,29.24,-1.00
1000,0,60.58,-1.00
1000,0,54.24,-1.00
1000,0,52.19,-1.00
1000,0,19.37,-1.00
1000,0,34.29,-1.00
1000,0,37.72,-1.00
1000,0,69.41,-1.00
1000,0,57.53,-1.00
1000,0,51.97,-1.00
1000,0,54.49,-1.00
1000,0,46.35,-1.00
1000,0,40.90,-1.00
1000,0,69.34,-1.00
1000,0,57.83,-1.00
1000,0,38.27,-1.00
1000,0,33.24,-1.00
1000,0,37.83,-1.00
1000,0,36.61,-1.00
1000,0,28.37,-1.00
1000,0,37.23,-1.00
1000,0,35.16,-1.00
1000,0,95.58,-1.00
962,38,209.98,188.55
1000,0,72.96,-1.00
1000,0,34.68,-1.00
1000,0,40.63,-1.00
1000,0,26.35,-1.00
1000,0,66.42,-1.00
1000,0,15.60,-1.00
1000,0,52.11,-1.00
1000,0,49.15,-1.00
1000,0,22.26,-1.00
1000,0,51.78,-1.00
1000,0,42.76,-1.00
1000,0,23.78,-1.00
1000,0,24.59,-1.00
1000,0,25.32,-1.00
1000,0,25.33,-1.00
1000,0,52.26,-1.00
1000,0,37.83,-1.00
1000,0,31.69,-1.00
1000,0,55.20,-1.00
1000,0,55.85,-1.00
1000,0,26.54,-1.00
1000,0,43.27,-1.00
1000,0,70.19,-1.00
1000,0,48.73,-1.00
1000,0,72.18,-1.00
1000,0,37.27,-1.00
1000,0,46.56,-1.00
1000,0,66.75,-1.00
1000,0,41.26,-1.00
1000,0,36.01,-1.00
1000,0,56.27,-1.00
1000,0,34.30,-1.00
1000,0,26.92,-1.00
1000,0,41.78,-1.00
1000,0,42.04,-1.00
1000,0,53.34,-1.00
1000,0,33.60,-1.00
1000,0,49.13,-1.00
1000,0,49.16,-1.00
1000,0,35.46,-1.00
1000,0,43.15,-1.00
1000,0,24.06,-1.00
1000,0,96.42,-1.00
1000,0,50.11,-1.00
1000,0,33.37,-1.00
1000,0,51.42,-1.00
1000,0,27.29,-1.00
1000,0,70.54,-1.00
1000,0,27.31,-1.00
1000,0,29.53,-1.00
1000,0,41.72,-1.00
1000,0,28.77,-1.00
1000,0,40.05,-1.00
1000,0,52.85,-1.00
1000,0,106.64,-1.00
1000,0,51.92,-1.00
1000,0,34.91,-1.00
1000,0,37.69,-1.00
1000,0,22.34,-1.00
1000,0,37.21,-1.00
1000,0,37.04,-1.00
1000,0,76.01,-1.00
1000,0,24.88,-1.00
1000,0,71.61,-1.00
1000,0,32.85,-1.00
1000,0,37.86,-1.00
1000,0,64.30,-1.00
1000,0,84.07,-1.00
1000,0,40.70,-1.00
1000,0,21.27,-1.00
1000,0,66.10,-1.00
1000,0,37.64,-1.00
1000,0,22.86,-1.00
1000,0,82.36,-1.00
1000,0,80.36,-1.00
1000,0,56.92,-1.00
1000,0,23.01,-1.00
1000,0,38.96,-1.00
1000,0,31.41,-1.00
1000,0,28.74,-1.00
1000,0,70.55,-1.00
1000,0,45.53,-1.00
1000,0,76.11,-1.00
1000,0,68.13,-1.00
1000,0,47.93,-1.00
1000,0,35.04,-1.00
1000,0,67.28,-1.00
1000,0,24.93,-1.00
1000,0,29.08,-1.00
1000,0,25.85,-1.00
1000,0,22.88,-1.00
1000,0,23.33,-1.00
1000,0,13.72,-1.00
1000,0,38.35,-1.00
1000,0,74.68,-1.00
1000,0,60.00,-1.00
1000,0,72.57,-1.00
1000,0,97.43,-1.00
1000,0,147.39,-1.00
1000,0,26.18,-1.00
1000,0,24.47,-1.00
1000,0,46.09,-1.00
1000,0,90.35,-1.00
1000,0,47.57,-1.00
1000,0,19.64,-1.00
1000,0,44.16,-1.00
1000,0,31.77,-1.00
1000,0,26.02,-1.00
1000,0,43.96,-1.00
1000,0,53.27,-1.00
1000,0,56.19,-1.00
1000,0,31.32,-1.00
1000,0,23.04,-1.00
1000,0,72.40,-1.00
1000,0,22.38,-1.00
1000,0,33.21,-1.00
1000,0,29.96,-1.00
1000,0,23.57,-1.00
1000,0,27.69,-1.00
1000,0,21.90,-1.00
1000,0,68.29,-1.00
1000,0,24.23,-1.00
1000,0,58.46,-1.00
1000,0,42.63,-1.00
1000,0,45.97,-1.00
1000,0,66.94,-1.00
1000,0,20.84,-1.00
1000,0,24.15,-1.00
1000,0,34.80,-1.00
1000,0,64.28,-1.00
1000,0,54.42,-1.00
1000,0,36.52,-1.00
1000,0,20.69,-1.00
1000,0,23.70,-1.00
1000,0,49.32,-1.00
1000,0,36.04,-1.00
1000,0,18.68,-1.00
1000,0,25.75,-1.00
1000,0,18.17,-1.00
1000,0,16.46,-1.00
1000,0,13.93,-1.00
1000,0,36.25,-1.00
1000,0,13.75,-1.00
1000,0,19.58,-1.00
1000,0,16.07,-1.00
1000,0,75.80,-1.00
1000,0,36.57,-1.00
1000,0,39.20,-1.00
1000,0,105.59,-1.00
1000,0,47.83,-1.00
1000,0,23.19,-1.00
1000,0,17.26,-1.00
1000,0,16.28,-1.00
1000,0,29.31,-1.00
1000,0,33.07,-1.00
1000,0,24.94,-1.00
1000,0,19.36,-1.00
1000,0,20.22,-1.00
1000,0,33.00,-1.00
1000,0,29.80,-1.00
1000,0,19.65,-1.00
1000,0,71.55,-1.00
1000,0,69.72,-1.00
1000,0,46.69,-1.00
1000,0,15.52,-1.00
1000,0,33.49,-1.00
1000,0,23.82,-1.00
1000,0,11.04,-1.00
1000,0,22.42,-1.00
1000,0,26.26,-1.00
1000,0,76.19,-1.00
1000,0,41.49,-1.00
1000,0,39.67,-1.00
1000,0,21.40,-1.00
1000,0,40.59,-1.00
1000,0,14.80,-1.00
1000,0,33.41,-1.00
1000,0,40.82,-1.00
1000,0,33.03,-1.00
1000,0,41.64,-1.00
1000,0,38.63,-1.00
1000,0,24.73,-1.00
1000,0,15.11,-1.00
1000,0,20.43,-1.00
1000,0,28.39,-1.00
1000,0,17.64,-1.00
1000,0,76.40,-1.00
1000,0,92.92,-1.00
1000,0,37.42,-1.00
1000,0,21.72,-1.00
1000,0,43.84,-1.00
1000,0,60.30,-1.00
1000,0,51.83,-1.00
1000,0,48.90,-1.00
1000,0,24.93,-1.00
1000,0,46.37,-1.00
1000,0,20.67,-1.00
1000,0,151.77,-1.00
1000,0,31.73,-1.00
1000,0,113.86,-1.00
1000,0,31.10,-1.00
1000,0,16.22,-1.00
1000,0,54.31,-1.00
1000,0,107.18,-1.00
1000,0,50.83,-1.00
1000,0,22.22,-1.00
1000,0,52.32,-1.00
1000,0,64.92,-1.00
1000,0,34.26,-1.00
1000,0,39.74,-1.00
1000,0,31.49,-1.00
1000,0,42.33,-1.00
1000,0,86.00,-1.00
1000,0,48.39,-1.00
1000,0,42.85,-1.00
1000,0,53.82,-1.00
1000,0,28.13,-1.00
1000,0,26.92,-1.00
1000,0,48.79,-1.00
1000,0,36.65,-1.00
1000,0,40.64,-1.00
1000,0,30.59,-1.00
1000,0,33.55,-1.00
1000,0,98.82,-1.00
1000,0,25.11,-1.00
1000,0,12.63,-1.00
1000,0,48.62,-1.00
1000,0,26.90,-1.00
1000,0,36.15,-1.00
1000,0,19.84,-1.00
1000,0,33.69,-1.00
1000,0,43.69,-1.00
1000,0,25.89,-1.00
1000,0,77.99,-1.00
1000,0,84.74,-1.00
1000,0,100.16,-1.00
1000,0,39.63,-1.00
1000,0,28.73,-1.00
1000,0,39.68,-1.00
1000,0,44.16,-1.00
1000,0,18.65,-1.00
1000,0,41.37,-1.00
1000,0,30.77,-1.00
1000,0,32.96,-1.00
1000,0,57.57,-1.00
1000,0,58.74,-1.00
1000,0,24.43,-1.00
1000,0,59.10,-1.00
1000,0,108.97,-1.00
1000,0,46.07,-1.00
1000,0,16.76,-1.00
1000,0,15.76,-1.00
1000,0,59.72,-1.00
1000,0,48.53,-1.00
1000,0,41.10,-1.00
1000,0,26.97,-1.00
1000,0,27.69,-1.00
1000,0,24.68,-1.00
1000,0,43.78,-1.00
1000,0,49.03,-1.00
1000,0,34.66,-1.00
1000,0,102.50,-1.00
1000,0,36.38,-1.00
1000,0,28.86,-1.00
1000,0,34.52,-1.00
1000,0,35.76,-1.00
1000,0,35.00,-1.00
1000,0,19.42,-1.00
1000,0,66.07,-1.00
1000,0,29.10,-1.00
1000,0,24.41,-1.00
1000,0,103.58,-1.00
1000,0,23.15,-1.00
1000,0,72.87,-1.00
1000,0,55.18,-1.00
1000,0,32.72,-1.00
1000,0,129.17,-1.00
1000,0,22.67,-1.00
1000,0,73.83,-1.00
1000,0,81.24,-1.00
1000,0,32.67,-1.00
1000,0,20.72,-1.00
1000,0,28.22,-1.00
1000,0,28.81,-1.00
1000,0,22.30,-1.00
1000,0,58.39,-1.00
1000,0,41.62,-1.00
1000,0,15.85,-1.00
1000,0,39.50,-1.00
1000,0,28.52,-1.00
1000,0,26.29,-1.00
1000,0,26.51,-1.00
1000,0,57.71,-1.00
1000,0,23.69,-1.00
1000,0,46.92,-1.00
1000,0,30.38,-1.00
1000,0,60.09,-1.00
1000,0,59.45,-1.00
1000,0,68.51,-1.00
1000,0,34.70,-1.00
1000,0,29.48,-1.00
1000,0,21.43,-1.00
1000,0,77.37,-1.00
1000,0,37.28,-1.00
1000,0,93.40,-1.00
1000,0,42.81,-1.00
1000,0,29.28,-1.00
1000,0,25.47,-1.00
1000,0,18.58,-1.00
1000,0,43.95,-1.00
1000,0,24.48,-1.00
1000,0,88.42,-1.00
1000,0,49.25,-1.00
1000,0,44.40,-1.00
1000,0,35.57,-1.00
1000,0,29.30,-1.00
1000,0,120.18,-1.00
1000,0,73.04,-1.00
1000,0,45.06,-1.00
1000,0,27.04,-1.00
1000,0,33.72,-1.00
1000,0,41.47,-1.00
1000,0,62.93,-1.00
1000,0,83.64,-1.00
1000,0,26.93,-1.00
1000,0,27.51,-1.00
1000,0,16.82,-1.00
1000,0,46.29,-1.00
1000,0,17.44,-1.00
1000,0,37.88,-1.00
1000,0,57.48,-1.00
1000,0,49.74,-1.00
1000,0,32.53,-1.00
1000,0,32.13,-1.00
1000,0,66.35,-1.00
1000,0,60.66,-1.00
1000,0,47.25,-1.00
1000,0,35.96,-1.00
1000,0,16.41,-1.00
1000,0,12.39,-1.00
1000,0,77.42,-1.00
1000,0,18.79,-1.00
1000,0,93.10,-1.00
1000,0,55.85,-1.00
1000,0,22.64,-1.00
1000,0,35.71,-1.00
1000,0,82.09,-1.00
1000,0,33.18,-1.00
1000,0,63.67,-1.00
1000,0,30.45,-1.00
1000,0,40.29,-1.00
1000,0,23.36,-1.00
1000,0,37.13,-1.00
1000,0,29.57,-1.00
1000,0,36.24,-1.00
1000,0,22.32,-1.00
1000,0,22.79,-1.00
1000,0,34.03,-1.00
1000,0,113.04,-1.00
1000,0,77.14,-1.00
1000,0,31.76,-1.00
1000,0,38.74,-1.00
1000,0,11.21,-1.00
1000,0,45.17,-1.00
1000,0,27.11,-1.00
1000,0,77.43,-1.00
1000,0,32.00,-1.00
1000,0,44.74,-1.00
1000,0,45.23,-1.00
1000,0,23.73,-1.00
1000,0,54.71,-1.00
1000,0,39.71,-1.00
1000,0,30.27,-1.00
1000,0,70.78,-1.00
1000,0,27.10,-1.00
1000,0,32.48,-1.00
1000,0,18.67,-1.00
1000,0,19.36,-1.00
1000,0,54.70,-1.00
1000,0,53.00,-1.00
1000,0,35.90,-1.00
1000,0,40.58,-1.00
1000,0,16.61,-1.00
1000,0,54.68,-1.00
1000,0,62.22,-1.00
1000,0,24.15,-1.00
1000,0,149.79,-1.00
1000,0,17.74,-1.00
1000,0,40.57,-1.00
1000,0,20.38,-1.00
1000,0,18.59,-1.00
1000,0,64.61,-1.00
1000,0,32.30,-1.00
1000,0,43.50,-1.00
1000,0,52.82,-1.00
1000,0,106.28,-1.00
1000,0,58.01,-1.00
1000,0,47.32,-1.00
1000,0,25.91,-1.00
1000,0,25.06,-1.00
1000,0,24.16,-1.00
1000,0,43.39,-1.00
1000,0,17.24,-1.00
1000,0,21.47,-1.00
1000,0,40.07,-1.00
1000,0,36.39,-1.00
1000,0,33.67,-1.00
1000,0,32.08,-1.00
1000,0,18.36,-1.00
1000,0,69.27,-1.00
1000,0,45.59,-1.00
1000,0,57.00,-1.00
1000,0,48.37,-1.00
1000,0,20.19,-1.00
1000,0,40.02,-1.00
1000,0,32.21,-1.00
1000,0,41.67,-1.00
1000,0,49.54,-1.00
1000,0,19.62,-1.00
1000,0,45.77,-1.00
1000,0,21.52,-1.00
1000,0,95.79,-1.00
1000,0,24.09,-1.00
1000,0,18.40,-1.00
1000,0,46.21,-1.00
1000,0,44.69,-1.00
1000,0,31.72,-1.00
1000,0,24.67,-1.00
1000,0,32.10,-1.00
1000,0,23.37,-1.00
1000,0,39.26,-1.00
1000,0,27.48,-1.00
1000,0,69.04,-1.00
1000,0,65.39,-1.00
1000,0,41.93,-1.00
1000,0,21.53,-1.00
1000,0,37.59,-1.00
1000,0,25.53,-1.00
1000,0,26.32,-1.00
1000,0,18.16,-1.00
1000,0,49.87,-1.00
1000,0,29.57,-1.00
1000,0,32.29,-1.00
1000,0,31.27,-1.00
1000,0,76.81,-1.00
1000,0,145.18,-1.00
1000,0,37.21,-1.00
1000,0,44.64,-1.00
1000,0,68.13,-1.00
1000,0,27.93,-1.00
1000,0,39.20,-1.00
1000,0,31.41,-1.00
1000,0,29.68,-1.00
1000,0,56.39,-1.00
1000,0,62.49,-1.00
1000,0,12.31,-1.00
1000,0,73.75,-1.00
1000,0,27.25,-1.00
1000,0,50.83,-1.00
1000,0,104.54,-1.00
1000,0,50.46,-1.00
1000,0,68.17,-1.00
1000,0,33.31,-1.00
1000,0,26.29,-1.00
1000,0,36.08,-1.00
1000,0,36.79,-1.00
1000,0,48.04,-1.00
1000,0,44.06,-1.00
1000,0,24.13,-1.00
1000,0,53.67,-1.00
1000,0,32.84,-1.00
1000,0,38.76,-1.00
1000,0,59.08,-1.00
1000,0,118.92,-1.00
1000,0,54.96,-1.00
1000,0,54.86,-1.00
1000,0,18.31,-1.00
1000,0,36.94,-1.00
1000,0,55.33,-1.00
1000,0,54.96,-1.00
1000,0,51.37,-1.00
1000,0,83.05,-1.00
1000,0,71.46,-1.00
1000,0,29.76,-1.00
1000,0,18.75,-1.00
1000,0,48.69,-1.00
1000,0,64.45,-1.00
1000,0,31.66,-1.00
1000,0,48.29,-1.00
1000,0,56.00,-1.00
1000,0,64.18,-1.00
1000,0,19.87,-1.00
1000,0,128.44,-1.00
1000,0,22.33,-1.00
1000,0,50.27,-1.00
1000,0,58.17,-1.00
1000,0,31.93,-1.00
1000,0,34.43,-1.00
1000,0,69.86,-1.00
1000,0,38.26,-1.00
1000,0,59.69,-1.00
1000,0,34.76,-1.00
1000,0,48.01,-1.00
1000,0,21.19,-1.00
1000,0,36.86,-1.00
1000,0,23.13,-1.00
1000,0,82.50,-1.00
1000,0,28.18,-1.00
1000,0,24.51,-1.00
1000,0,25.13,-1.00
1000,0,28.93,-1.00
1000,0,51.22,-1.00
1000,0,26.10,-1.00
1000,0,54.59,-1.00
1000,0,28.79,-1.00
1000,0,71.79,-1.00
1000,0,125.12,-1.00
1000,0,45.50,-1.00
1000,0,41.10,-1.00
1000,0,38.16,-1.00
1000,0,23.81,-1.00
1000,0,27.71,-1.00
1000,0,46.56,-1.00
1000,0,43.10,-1.00
1000,0,24.26,-1.00
1000,0,97.79,-1.00
1000,0,17.31,-1.00
1000,0,71.20,-1.00
1000,0,44.76,-1.00
1000,0,27.70,-1.00
1000,0,21.70,-1.00
1000,0,68.88,-1.00
1000,0,51.98,-1.00
1000,0,37.85,-1.00
1000,0,41.01,-1.00
1000,0,42.15,-1.00
1000,0,20.54,-1.00
1000,0,39.87,-1.00
1000,0,28.06,-1.00
1000,0,18.22,-1.00
1000,0,114.85,-1.00
1000,0,33.11,-1.00
1000,0,54.44,-1.00
1000,0,21.96,-1.00
1000,0,15.72,-1.00
1000,0,125.57,-1.00
1000,0,25.12,-1.00
1000,0,29.43,-1.00
1000,0,46.20,-1.00
1000,0,41.61,-1.00
1000,0,39.58,-1.00
1000,0,29.45,-1.00
1000,0,47.26,-1.00
1000,0,42.84,-1.00
1000,0,38.34,-1.00
1000,0,73.73,-1.00
1000,0,63.28,-1.00
1000,0,61.75,-1.00
1000,0,76.73,-1.00
1000,0,28.63,-1.00
1000,0,51.15,-1.00
1000,0,19.08,-1.00
1000,0,74.24,-1.00
1000,0,39.12,-1.00
1000,0,21.44,-1.00
1000,0,44.28,-1.00
1000,0,23.85,-1.00
1000,0,48.61,-1.00
1000,0,19.97,-1.00
1000,0,28.47,-1.00
1000,0,39.99,-1.00
1000,0,31.36,-1.00
1000,0,27.23,-1.00
1000,0,107.91,-1.00
1000,0,34.52,-1.00
1000,0,44.03,-1.00
1000,0,26.10,-1.00
1000,0,30.98,-1.00
1000,0,25.70,-1.00
1000,0,48.79,-1.00
1000,0,21.45,-1.00
1000,0,33.05,-1.00
1000,0,30.67,-1.00
1000,0,103.48,-1.00
1000,0,130.46,-1.00
1000,0,105.83,-1.00
1000,0,31.40,-1.00
1000,0,26.46,-1.00
1000,0,28.75,-1.00
1000,0,37.29,-1.00
1000,0,34.06,-1.00
1000,0,61.26,-1.00
1000,0,37.04,-1.00
1000,0,38.81,-1.00
1000,0,23.28,-1.00
1000,0,130.32,-1.00
1000,0,64.25,-1.00
1000,0,23.63,-1.00
1000,0,37.08,-1.00
1000,0,49.29,-1.00
1000,0,48.47,-1.00
1000,0,21.42,-1.00
1000,0,73.90,-1.00
1000,0,26.89,-1.00
1000,0,38.59,-1.00
1000,0,16.61,-1.00
1000,0,38.38,-1.00
1000,0,25.85,-1.00
1000,0,68.93,-1.00
1000,0,29.42,-1.00
1000,0,90.87,-1.00
1000,0,39.93,-1.00
1000,0,31.80,-1.00
1000,0,19.40,-1.00
1000,0,67.21,-1.00
1000,0,38.97,-1.00
1000,0,75.91,-1.00
1000,0,21.94,-1.00
1000,0,33.50,-1.00
1000,0,23.39,-1.00
1000,0,43.11,-1.00
1000,0,59.54,-1.00
1000,0,32.38,-1.00
1000,0,31.37,-1.00
1000,0,26.11,-1.00
1000,0,75.74,-1.00
1000,0,38.75,-1.00
1000,0,38.51,-1.00
1000,0,75.82,-1.00
1000,0,34.84,-1.00
1000,0,48.40,-1.00
1000,0,19.20,-1.00
1000,0,148.14,-1.00
1000,0,76.51,-1.00
1000,0,22.08,-1.00
1000,0,33.00,-1.00
1000,0,27.76,-1.00
1000,0,26.64,-1.00
1000,0,57.03,-1.00
1000,0,23.17,-1.00
1000,0,105.86,-1.00
1000,0,25.83,-1.00
1000,0,38.89,-1.00
1000,0,36.09,-1.00
1000,0,41.59,-1.00
1000,0,26.73,-1.00
1000,0,23.09,-1.00
1000,0,50.75,-1.00
1000,0,43.61,-1.00
1000,0,17.96,-1.00
1000,0,98.85,-1.00
1000,0,61.77,-1.00
1000,0,37.90,-1.00
1000,0,71.50,-1.00
1000,0,58.11,-1.00
1000,0,25.56,-1.00
1000,0,48.29,-1.00
1000,0,56.26,-1.00
1000,0,43.04,-1.00
1000,0,50.12,-1.00
1000,0,16.16,-1.00
1000,0,57.94,-1.00
1000,0,32.85,-1.00
1000,0,47.09,-1.00
1000,0,27.27,-1.00
1000,0,35.71,-1.00
1000,0,23.45,-1.00
1000,0,125.79,-1.00
1000,0,33.83,-1.00
1000,0,17.70,-1.00
1000,0,47.45,-1.00
1000,0,62.03,-1.00
1000,0,71.56,-1.00
1000,0,16.07,-1.00
1000,0,48.97,-1.00
1000,0,23.22,-1.00
1000,0,29.20,-1.00
1000,0,52.45,-1.00
1000,0,22.95,-1.00
1000,0,30.20,-1.00
1000,0,24.42,-1.00
1000,0,25.14,-1.00
1000,0,15.78,-1.00
1000,0,23.88,-1.00
1000,0,45.92,-1.00
1000,0,17.90,-1.00
1000,0,40.80,-1.00
1000,0,38.57,-1.00
1000,0,72.04,-1.00
1000,0,51.88,-1.00
1000,0,34.12,-1.00
1000,0,40.79,-1.00
1000,0,39.20,-1.00
1000,0,18.01,-1.00
1000,0,86.76,-1.00
1000,0,31.43,-1.00
1000,0,75.78,-1.00
1000,0,66.31,-1.00
1000,0,61.21,-1.00
1000,0,114.26,-1.00
1000,0,38.28,-1.00
1000,0,54.77,-1.00
1000,0,54.49,-1.00
1000,0,53.28,-1.00
1000,0,51.17,-1.00
1000,0,37.33,-1.00
1000,0,79.87,-1.00
1000,0,106.78,-1.00
1000,0,58.17,-1.00
1000,0,35.62,-1.00
1000,0,35.76,-1.00
1000,0,109.27,-1.00
1000,0,50.19,-1.00
1000,0,22.55,-1.00
1000,0,67.27,-1.00
1000,0,34.24,-1.00
1000,0,68.64,-1.00
1000,0,49.09,-1.00
1000,0,24.31,-1.00
1000,0,61.17,-1.00
1000,0,40.22,-1.00
1000,0,68.94,-1.00
1000,0,89.44,-1.00
1000,0,42.46,-1.00
1000,0,31.11,-1.00
1000,0,98.77,-1.00
1000,0,100.72,-1.00
1000,0,50.43,-1.00
1000,0,31.20,-1.00
1000,0,16.25,-1.00
1000,0,21.34,-1.00
1000,0,89.30,-1.00
1000,0,41.37,-1.00
1000,0,23.14,-1.00
1000,0,72.02,-1.00
1000,0,21.83,-1.00
1000,0,44.54,-1.00
1000,0,46.15,-1.00
1000,0,39.16,-1.00
1000,0,33.37,-1.00
1000,0,127.23,-1.00
1000,0,24.48,-1.00
1000,0,90.52,-1.00
1000,0,60.51,-1.00
1000,0,13.10,-1.00
1000,0,47.04,-1.00
1000,0,83.94,-1.00
1000,0,35.55,-1.00
1000,0,19.58,-1.00
1000,0,21.03,-1.00
1000,0,40.44,-1.00
1000,0,95.67,-1.00
1000,0,56.17,-1.00
1000,0,53.03,-1.00
1000,0,21.17,-1.00
1000,0,36.65,-1.00
1000,0,27.71,-1.00
1000,0,100.07,-1.00
1000,0,32.15,-1.00
1000,0,47.84,-1.00
1000,0,13.99,-1.00
1000,0,52.15,-1.00
1000,0,29.96,-1.00
1000,0,25.87,-1.00
1000,0,37.52,-1.00
1000,0,95.57,-1.00
1000,0,25.38,-1.00
1000,0,20.30,-1.00
1000,0,30.46,-1.00
1000,0,12.57,-1.00
1000,0,51.24,-1.00
1000,0,38.08,-1.00
1000,0,38.52,-1.00
1000,0,96.13,-1.00
1000,0,37.74,-1.00
1000,0,85.89,-1.00
1000,0,52.62,-1.00
1000,0,22.55,-1.00
1000,0,111.08,-1.00
1000,0,55.08,-1.00
1000,0,81.55,-1.00
1000,0,42.98,-1.00
1000,0,74.93,-1.00
1000,0,11.36,-1.00
1000,0,31.73,-1.00
1000,0,40.11,-1.00
1000,0,51.88,-1.00
1000,0,39.38,-1.00
1000,0,20.64,-1.00
1000,0,57.95,-1.00
1000,0,27.33,-1.00
1000,0,75.03,-1.00
1000,0,29.01,-1.00
1000,0,25.44,-1.00
1000,0,33.63,-1.00
1000,0,39.27,-1.00
1000,0,72.71,-1.00
1000,0,27.58,-1.00
1000,0,60.47,-1.00
1000,0,47.12,-1.00
1000,0,49.50,-1.00
1000,0,42.52,-1.00
1000,0,52.33,-1.00
1000,0,42.67,-1.00
1000,0,27.83,-1.00
1000,0,121.88,-1.00
1000,0,25.49,-1.00
1000,0,52.39,-1.00
1000,0,80.43,-1.00
1000,0,35.08,-1.00
1000,0,43.73,-1.00
1000,0,24.62,-1.00
1000,0,15.98,-1.00
1000,0,110.31,-1.00
1000,0,41.17,-1.00
1000,0,39.24,-1.00
1000,0,53.92,-1.00
1000,0,21.47,-1.00
1000,0,37.43,-1.00
1000,0,42.38,-1.00
1000,0,23.91,-1.00
1000,0,43.06,-1.00
1000,0,13.29,-1.00
1000,0,49.77,-1.00
1000,0,36.57,-1.00
1000,0,31.78,-1.00
1000,0,46.71,-1.00
1000,0,23.87,-1.00
1000,0,82.39,-1.00
1000,0,18.94,-1.00
1000,0,29.39,-1.00
1000,0,25.34,-1.00
1000,0,87.17,-1.00
1000,0,115.50,-1.00
1000,0,37.41,-1.00
1000,0,25.89,-1.00
1000,0,39.78,-1.00
1000,0,58.00,-1.00
1000,0,46.65,-1.00
1000,0,52.91,-1.00
1000,0,40.67,-1.00
1000,0,35.45,-1.00
1000,0,82.21,-1.00
1000,0,50.32,-1.00
1000,0,84.53,-1.00
1000,0,29.09,-1.00
1000,0,69.89,-1.00
1000,0,59.84,-1.00
1000,0,61.32,-1.00
1000,0,74.25,-1.00
1000,0,56.08,-1.00
1000,0,80.63,-1.00
1000,0,53.89,-1.00
1000,0,34.46,-1.00
1000,0,54.18,-1.00
1000,0,106.31,-1.00
1000,0,32.79,-1.00
1000,0,24.20,-1.00
1000,0,51.03,-1.00
1000,0,27.64,-1.00
1000,0,36.36,-1.00
1000,0,42.71,-1.00
1000,0,43.45,-1.00
1000,0,30.48,-1.00
1000,0,30.41,-1.00
1000,0,20.61,-1.00
1000,0,50.59,-1.00
1000,0,23.18,-1.00
1000,0,82.70,-1.00
1000,0,33.15,-1.00
1000,0,51.19,-1.00
1000,0,81.35,-1.00
1000,0,25.27,-1.00
1000,0,30.14,-1.00
1000,0,25.28,-1.00
1000,0,47.00,-1.00
1000,0,79.88,-1.00
1000,0,35.20,-1.00
1000,0,19.33,-1.00
1000,0,63.69,-1.00
1000,0,75.75,-1.00
1000,0,18.29,-1.00
1000,0,26.44,-1.00
1000,0,108.34,-1.00
1000,0,44.29,-1.00
1000,0,37.25,-1.00
1000,0,34.53,-1.00
1000,0,36.83,-1.00
1000,0,28.82,-1.00
1000,0,50.05,-1.00
1000,0,30.51,-1.00
1000,0,42.63,-1.00
1000,0,28.89,-1.00
1000,0,44.08,-1.00
1000,0,46.55,-1.00
1000,0,51.37,-1.00
1000,0,37.46,-1.00
1000,0,26.06,-1.00
1000,0,48.40,-1.00
1000,0,26.37,-1.00
1000,0,37.43,-1.00
1000,0,46.67,-1.00
1000,0,65.90,-1.00
1000,0,18.38,-1.00
1000,0,122.53,-1.00
1000,0,59.67,-1.00
1000,0,32.05,-1.00
1000,0,70.82,-1.00
1000,0,44.12,-1.00
1000,0,18.92,-1.00
1000,0,23.98,-1.00
1000,0,96.15,-1.00
1000,0,22.64,-1.00
1000,0,43.29,-1.00
1000,0,53.16,-1.00
1000,0,48.10,-1.00
1000,0,39.26,-1.00
1000,0,142.31,-1.00
1000,0,48.96,-1.00
1000,0,20.45,-1.00
1000,0,35.96,-1.00
1000,0,63.64,-1.00
1000,0,54.71,-1.00
1000,0,16.82,-1.00
1000,0,16.11,-1.00
1000,0,73.71,-1.00
1000,0,24.65,-1.00
1000,0,39.15,-1.00
1000,0,35.56,-1.00
1000,0,44.39,-1.00
1000,0,41.82,-1.00
1000,0,114.33,-1.00
1000,0,75.19,-1.00
1000,0,18.28,-1.00
1000,0,89.54,-1.00
1000,0,16.42,-1.00
1000,0,19.40,-1.00
1000,0,67.80,-1.00
1000,0,70.51,-1.00
1000,0,16.89,-1.00
1000,0,61.08,-1.00
1000,0,33.90,-1.00
1000,0,51.67,-1.00
1000,0,35.41,-1.00
1000,0,28.92,-1.00
1000,0,70.61,-1.00
1000,0,36.76,-1.00
1000,0,51.10,-1.00
1000,0,60.45,-1.00
1000,0,43.57,-1.00
1000,0,42.67,-1.00
1000,0,93.29,-1.00
1000,0,65.03,-1.00
1000,0,29.49,-1.00
1000,0,30.09,-1.00
1000,0,33.25,-1.00
1000,0,105.26,-1.00
1000,0,36.65,-1.00
1000,0,40.06,-1.00
1000,0,32.78,-1.00
1000,0,63.99,-1.00
1000,0,43.84,-1.00
1000,0,46.43,-1.00
1000,0,63.97,-1.00
1000,0,42.54,-1.00
1000,0,32.10,-1.00
1000,0,61.21,-1.00
1000,0,90.53,-1.00
1000,0,33.81,-1.00
1000,0,46.02,-1.00
1000,0,43.83,-1.00
1000,0,34.04,-1.00
1000,0,41.88,-1.00
1000,0,34.06,-1.00
1000,0,36.43,-1.00
1000,0,67.86,-1.00
1000,0,25.74,-1.00
1000,0,29.43,-1.00
1000,0,21.41,-1.00
1000,0,39.81,-1.00
1000,0,25.08,-1.00
1000,0,95.44,-1.00
1000,0,25.03,-1.00
1000,0,34.54,-1.00
1000,0,30.03,-1.00
1000,0,50.04,-1.00
1000,0,71.81,-1.00
1000,0,59.51,-1.00
1000,0,28.77,-1.00
1000,0,75.14,-1.00
1000,0,98.99,-1.00
1000,0,37.34,-1.00
1000,0,17.79,-1.00
1000,0,88.80,-1.00
1000,0,50.13,-1.00
1000,0,46.51,-1.00
1000,0,21.33,-1.00
1000,0,34.30,-1.00
1000,0,35.89,-1.00
1000,0,20.75,-1.00
1000,0,26.59,-1.00
1000,0,42.45,-1.00
1000,0,65.52,-1.00
1000,0,43.66,-1.00
1000,0,38.73,-1.00
1000,0,44.06,-1.00
1000,0,41.41,-1.00
1000,0,85.13,-1.00
1000,0,28.87,-1.00
1000,0,30.62,-1.00
1000,0,75.64,-1.00
1000,0,22.10,-1.00
1000,0,89.82,-1.00
1000,0,31.50,-1.00
1000,0,65.75,-1.00
1000,0,46.18,-1.00
1000,0,19.28,-1.00
1000,0,44.45,-1.00
1000,0,28.60,-1.00
1000,0,48.67,-1.00
1000,0,43.13,-1.00
1000,0,55.50,-1.00
1000,0,36.21,-1.00
1000,0,26.18,-1.00
1000,0,50.79,-1.00
1000,0,75.16,-1.00
1000,0,49.25,-1.00
1000,0,57.62,-1.00
1000,0,45.06,-1.00
1000,0,41.20,-1.00
1000,0,24.67,-1.00
1000,0,56.45,-1.00
1000,0,67.61,-1.00
1000,0,44.03,-1.00
1000,0,30.30,-1.00
1000,0,29.11,-1.00
1000,0,28.34,-1.00
1000,0,22.13,-1.00
1000,0,34.97,-1.00
1000,0,57.07,-1.00
1000,0,44.46,-1.00
1000,0,98.11,-1.00
1000,0,20.01,-1.00
1000,0,40.53,-1.00
1000,0,77.83,-1.00
1000,0,36.42,-1.00
1000,0,31.60,-1.00
1000,0,32.69,-1.00
1000,0,23.08,-1.00
1000,0,24.15,-1.00
1000,0,73.98,-1.00
1000,0,35.08,-1.00
1000,0,19.78,-1.00
1000,0,20.37,-1.00
1000,0,35.99,-1.00
1000,0,39.90,-1.00
1000,0,42.20,-1.00
1000,0,28.78,-1.00
1000,0,20.53,-1.00
1000,0,44.19,-1.00
1000,0,22.30,-1.00
1000,0,16.46,-1.00
1000,0,64.61,-1.00
1000,0,39.08,-1.00
1000,0,54.18,-1.00
1000,0,48.52,-1.00
1000,0,49.16,-1.00
1000,0,60.77,-1.00
1000,0,37.49,-1.00
1000,0,41.39,-1.00
1000,0,49.37,-1.00
1000,0,88.26,-1.00
1000,0,61.37,-1.00
1000,0,45.22,-1.00
1000,0,38.42,-1.00
1000,0,46.79,-1.00
1000,0,21.52,-1.00
1000,0,46.55,-1.00
1000,0,89.23,-1.00
1000,0,67.73,-1.00
1000,0,51.69,-1.00
1000,0,75.89,-1.00
1000,0,25.37,-1.00
1000,0,22.57,-1.00
1000,0,21.93,-1.00
1000,0,26.41,-1.00
1000,0,22.54,-1.00
1000,0,54.95,-1.00
1000,0,38.32,-1.00
1000,0,21.24,-1.00
1000,0,72.86,-1.00
1000,0,37.66,-1.00
1000,0,35.62,-1.00
1000,0,70.76,-1.00
1000,0,45.43,-1.00
1000,0,76.75,-1.00
1000,0,42.03,-1.00
1000,0,95.63,-1.00
1000,0,38.81,-1.00
1000,0,39.13,-1.00
1000,0,51.75,-1.00
1000,0,130.07,-1.00
1000,0,25.02,-1.00
1000,0,34.69,-1.00
1000,0,68.89,-1.00
1000,0,45.86,-1.00
1000,0,31.16,-1.00
1000,0,49.75,-1.00
1000,0,96.15,-1.00
1000,0,17.94,-1.00
1000,0,21.56,-1.00
1000,0,28.09,-1.00
1000,0,54.45,-1.00
1000,0,29.38,-1.00
1000,0,25.53,-1.00
1000,0,67.61,-1.00
1000,0,27.51,-1.00
1000,0,49.60,-1.00
1000,0,68.25,-1.00
1000,0,34.62,-1.00
1000,0,68.04,-1.00
1000,0,27.20,-1.00
1000,0,33.42,-1.00
1000,0,22.59,-1.00
1000,0,83.05,-1.00
1000,0,37.12,-1.00
1000,0,36.99,-1.00
1000,0,71.49,-1.00
1000,0,70.45,-1.00
1000,0,93.47,-1.00
1000,0,41.73,-1.00
1000,0,16.09,-1.00
1000,0,34.71,-1.00
1000,0,54.84,-1.00
1000,0,23.04,-1.00
1000,0,50.08,-1.00
1000,0,56.19,-1.00
1000,0,16.75,-1.00
1000,0,53.79,-1.00
1000,0,73.75,-1.00
1000,0,43.89,-1.00
1000,0,27.47,-1.00
1000,0,72.75,-1.00
1000,0,49.68,-1.00
1000,0,30.43,-1.00
1000,0,66.26,-1.00
1000,0,31.23,-1.00
1000,0,80.73,-1.00
1000,0,62.95,-1.00
1000,0,41.72,-1.00
1000,0,91.07,-1.00
1000,0,23.50,-1.00
1000,0,32.15,-1.00
1000,0,59.81,-1.00
1000,0,27.54,-1.00
1000,0,41.96,-1.00
1000,0,22.34,-1.00
1000,0,27.31,-1.00
1000,0,35.33,-1.00
1000,0,101.04,-1.00
1000,0,88.37,-1.00
1000,0,15.39,-1.00
1000,0,46.33,-1.00
1000,0,20.10,-1.00
1000,0,95.46,-1.00
1000,0,43.26,-1.00
1000,0,59.72,-1.00
1000,0,18.86,-1.00
1000,0,25.85,-1.00
1000,0,77.27,-1.00
1000,0,23.96,-1.00
1000,0,50.35,-1.00
1000,0,44.75,-1.00
1000,0,49.82,-1.00
1000,0,33.10,-1.00
1000,0,36.69,-1.00
1000,0,31.30,-1.00
1000,0,43.93,-1.00
1000,0,31.12,-1.00
1000,0,30.54,-1.00
1000,0,16.42,-1.00
1000,0,54.31,-1.00
1000,0,31.53,-1.00
1000,0,11.50,-1.00
1000,0,49.94,-1.00
1000,0,126.34,-1.00
1000,0,77.05,-1.00
1000,0,79.38,-1.00
1000,0,70.47,-1.00
1000,0,71.03,-1.00
1000,0,33.21,-1.00
1000,0,20.88,-1.00
1000,0,28.02,-1.00
1000,0,26.91,-1.00
1000,0,45.43,-1.00
1000,0,29.88,-1.00
1000,0,44.89,-1.00
1000,0,25.36,-1.00
1000,0,27.86,-1.00
1000,0,31.81,-1.00
1000,0,53.27,-1.00
1000,0,40.45,-1.00
1000,0,16.41,-1.00
1000,0,25.43,-1.00
1000,0,30.07,-1.00
1000,0,58.62,-1.00
1000,0,42.48,-1.00
1000,0,47.20,-1.00
1000,0,43.38,-1.00
1000,0,62.40,-1.00
1000,0,108.51,-1.00
1000,0,38.95,-1.00
1000,0,23.78,-1.00
1000,0,39.37,-1.00
1000,0,40.02,-1.00
1000,0,36.49,-1.00
1000,0,40.58,-1.00
1000,0,67.44,-1.00
1000,0,47.05,-1.00
1000,0,24.52,-1.00
1000,0,44.95,-1.00
1000,0,101.19,-1.00
1000,0,39.93,-1.00
1000,0,19.91,-1.00
1000,0,59.57,-1.00
1000,0,55.17,-1.00
1000,0,45.80,-1.00
1000,0,67.69,-1.00
1000,0,79.32,-1.00
1000,0,31.84,-1.00
1000,0,68.30,-1.00
1000,0,132.95,-1.00
1000,0,47.01,-1.00
1000,0,24.92,-1.00
1000,0,29.03,-1.00
1000,0,23.32,-1.00
1000,0,20.74,-1.00
1000,0,51.93,-1.00
1000,0,40.69,-1.00
1000,0,36.92,-1.00
1000,0,60.63,-1.00
1000,0,29.39,-1.00
1000,0,54.85,-1.00
1000,0,29.59,-1.00
1000,0,33.68,-1.00
1000,0,68.47,-1.00
1000,0,50.67,-1.00
1000,0,23.65,-1.00
1000,0,33.66,-1.00
1000,0,57.29,-1.00
1000,0,45.78,-1.00
1000,0,117.81,-1.00
1000,0,44.60,-1.00
1000,0,36.11,-1.00
1000,0,47.31,-1.00
1000,0,79.56,-1.00
1000,0,41.96,-1.00
1000,0,58.15,-1.00
1000,0,55.35,-1.00
1000,0,37.60,-1.00
1000,0,95.24,-1.00
1000,0,24.06,-1.00
1000,0,29.96,-1.00
1000,0,13.12,-1.00
1000,0,24.49,-1.00
1000,0,90.00,-1.00
1000,0,33.51,-1.00
1000,0,24.82,-1.00
1000,0,74.39,-1.00
1000,0,53.47,-1.00
1000,0,74.42,-1.00
1000,0,83.10,-1.00
1000,0,101.68,-1.00
1000,0,57.51,-1.00
1000,0,36.26,-1.00
1000,0,81.85,-1.00
1000,0,19.32,-1.00
1000,0,16.23,-1.00
1000,0,65.54,-1.00
1000,0,59.47,-1.00
1000,0,31.54,-1.00
1000,0,66.57,-1.00
1000,0,47.89,-1.00
1000,0,46.30,-1.00
1000,0,51.42,-1.00
1000,0,28.40,-1.00
1000,0,20.21,-1.00
1000,0,34.10,-1.00
1000,0,30.42,-1.00
1000,0,36.40,-1.00
1000,0,59.62,-1.00
1000,0,42.88,-1.00
1000,0,29.16,-1.00
1000,0,62.06,-1.00
1000,0,35.10,-1.00
1000,0,21.20,-1.00
1000,0,80.32,-1.00
1000,0,48.08,-1.00
1000,0,35.00,-1.00
1000,0,39.56,-1.00
1000,0,17.24,-1.00
1000,0,108.55,-1.00
1000,0,24.77,-1.00
1000,0,32.84,-1.00
1000,0,82.42,-1.00
1000,0,43.47,-1.00
1000,0,26.29,-1.00
1000,0,31.11,-1.00
1000,0,83.04,-1.00
1000,0,77.19,-1.00
1000,0,23.60,-1.00
1000,0,38.20,-1.00
1000,0,28.98,-1.00
1000,0,69.13,-1.00
1000,0,39.23,-1.00
1000,0,52.24,-1.00
1000,0,37.78,-1.00
1000,0,37.58,-1.00
1000,0,50.59,-1.00
1000,0,168.06,-1.00
1000,0,25.59,-1.00
1000,0,34.33,-1.00
1000,0,35.19,-1.00
1000,0,15.57,-1.00
1000,0,22.96,-1.00
1000,0,71.71,-1.00
1000,0,54.92,-1.00
1000,0,41.79,-1.00
1000,0,75.74,-1.00
1000,0,38.94,-1.00
1000,0,47.58,-1.00
1000,0,52.37,-1.00
1000,0,124.45,-1.00
1000,0,35.85,-1.00
1000,0,24.26,-1.00
1000,0,33.90,-1.00
1000,0,31.42,-1.00
1000,0,27.90,-1.00
1000,0,59.91,-1.00
1000,0,38.39,-1.00
1000,0,19.44,-1.00
1000,0,79.31,-1.00
1000,0,38.30,-1.00
1000,0,75.34,-1.00
1000,0,26.84,-1.00
1000,0,53.77,-1.00
1000,0,53.69,-1.00
1000,0,27.61,-1.00
1000,0,109.16,-1.00
1000,0,60.97,-1.00
1000,0,54.27,-1.00
1000,0,14.45,-1.00
1000,0,47.93,-1.00
1000,0,84.51,-1.00
1000,0,22.32,-1.00
1000,0,60.04,-1.00
1000,0,21.89,-1.00
1000,0,25.36,-1.00
1000,0,51.84,-1.00
1000,0,39.69,-1.00
1000,0,82.94,-1.00
1000,0,95.19,-1.00
1000,0,31.28,-1.00
1000,0,64.89,-1.00
1000,0,31.46,-1.00
1000,0,54.06,-1.00
1000,0,20.32,-1.00
1000,0,61.85,-1.00
1000,0,19.93,-1.00
1000,0,71.14,-1.00
1000,0,29.88,-1.00
1000,0,32.43,-1.00
1000,0,34.47,-1.00
1000,0,93.58,-1.00
1000,0,49.67,-1.00
1000,0,50.80,-1.00
1000,0,30.92,-1.00
1000,0,44.11,-1.00
1000,0,37.40,-1.00
1000,0,54.36,-1.00
1000,0,27.65,-1.00
1000,0,46.83,-1.00
1000,0,27.55,-1.00
1000,0,20.17,-1.00
1000,0,122.71,-1.00
1000,0,46.98,-1.00
1000,0,158.42,-1.00
1000,0,30.64,-1.00
1000,0,20.17,-1.00
1000,0,21.71,-1.00
1000,0,43.29,-1.00
1000,0,59.33,-1.00
1000,0,65.86,-1.00
1000,0,24.29,-1.00
1000,0,67.46,-1.00
1000,0,64.12,-1.00
1000,0,44.70,-1.00
1000,0,115.51,-1.00
1000,0,59.64,-1.00
1000,0,23.77,-1.00
1000,0,59.47,-1.00
1000,0,22.92,-1.00
1000,0,73.75,-1.00
1000,0,43.51,-1.00
1000,0,48.45,-1.00
1000,0,38.60,-1.00
1000,0,55.33,-1.00
1000,0,13.80,-1.00
1000,0,24.08,-1.00
1000,0,29.53,-1.00
1000,0,28.97,-1.00
1000,0,26.80,-1.00
1000,0,18.59,-1.00
1000,0,18.83,-1.00
1000,0,56.46,-1.00
1000,0,37.77,-1.00
1000,0,33.01,-1.00
1000,0,28.25,-1.00
1000,0,30.61,-1.00
1000,0,58.16,-1.00
1000,0,39.04,-1.00
1000,0,51.76,-1.00
1000,0,48.36,-1.00
1000,0,34.43,-1.00
1000,0,11.32,-1.00
1000,0,85.55,-1.00
1000,0,21.63,-1.00
1000,0,70.53,-1.00
1000,0,74.61,-1.00
1000,0,39.65,-1.00
1000,0,26.39,-1.00
1000,0,32.54,-1.00
1000,0,32.62,-1.00
1000,0,56.54,-1.00
1000,0,25.99,-1.00
1000,0,46.20,-1.00
1000,0,29.42,-1.00
1000,0,68.98,-1.00
1000,0,29.48,-1.00
1000,0,56.16,-1.00
1000,0,49.40,-1.00
1000,0,56.59,-1.00
1000,0,38.38,-1.00
1000,0,57.73,-1.00
1000,0,31.90,-1.00
1000,0,105.92,-1.00
1000,0,54.99,-1.00
1000,0,52.85,-1.00
1000,0,17.27,-1.00
1000,0,27.75,-1.00
1000,0,67.65,-1.00
1000,0,52.77,-1.00
1000,0,99.74,-1.00
1000,0,31.79,-1.00
1000,0,14.61,-1.00
1000,0,48.34,-1.00
1000,0,74.15,-1.00
1000,0,69.05,-1.00
1000,0,20.29,-1.00
1000,0,70.08,-1.00
1000,0,25.37,-1.00
1000,0,27.10,-1.00
1000,0,32.15,-1.00
1000,0,28.05,-1.00
1000,0,26.48,-1.00
1000,0,36.42,-1.00
1000,0,34.77,-1.00
1000,0,94.14,-1.00
1000,0,61.36,-1.00
1000,0,34.17,-1.00
1000,0,122.23,-1.00
1000,0,49.84,-1.00
1000,0,48.90,-1.00
1000,0,35.34,-1.00
1000,0,15.35,-1.00
1000,0,21.62,-1.00
1000,0,13.42,-1.00
1000,0,47.44,-1.00
1000,0,39.34,-1.00
1000,0,114.45,-1.00
1000,0,17.34,-1.00
1000,0,51.26,-1.00
1000,0,32.81,-1.00
1000,0,29.17,-1.00
1000,0,140.01,-1.00
1000,0,47.36,-1.00
1000,0,33.32,-1.00
1000,0,20.60,-1.00
1000,0,78.01,-1.00
1000,0,24.54,-1.00
1000,0,64.41,-1.00
1000,0,23.63,-1.00
1000,0,140.51,-1.00
1000,0,33.51,-1.00
1000,0,57.94,-1.00
1000,0,24.06,-1.00
1000,0,81.37,-1.00
1000,0,61.13,-1.00
1000,0,25.64,-1.00
1000,0,152.20,-1.00
1000,0,100.32,-1.00
1000,0,52.62,-1.00
1000,0,25.80,-1.00
1000,0,27.36,-1.00
1000,0,28.96,-1.00
1000,0,69.03,-1.00
1000,0,28.02,-1.00
1000,0,16.45,-1.00
1000,0,35.06,-1.00
1000,0,175.01,-1.00
1000,0,35.13,-1.00
1000,0,52.70,-1.00
1000,0,68.52,-1.00
1000,0,100.69,-1.00
1000,0,17.92,-1.00
1000,0,41.76,-1.00
1000,0,26.77,-1.00
1000,0,42.78,-1.00
1000,0,40.91,-1.00
1000,0,33.21,-1.00
1000,0,18.78,-1.00
1000,0,36.88,-1.00
1000,0,42.37,-1.00
1000,0,22.07,-1.00
1000,0,54.73,-1.00
1000,0,26.52,-1.00
1000,0,31.23,-1.00
1000,0,64.41,-1.00
1000,0,31.42,-1.00
1000,0,26.67,-1.00
1000,0,14.16,-1.00
1000,0,77.97,-1.00
1000,0,11.54,-1.00
1000,0,112.48,-1.00
1000,0,35.35,-1.00
1000,0,41.95,-1.00
1000,0,57.60,-1.00
1000,0,41.38,-1.00
1000,0,43.36,-1.00
1000,0,45.28,-1.00
1000,0,28.91,-1.00
1000,0,29.03,-1.00
1000,0,37.21,-1.00
1000,0,77.49,-1.00
1000,0,45.97,-1.00
1000,0,68.81,-1.00
1000,0,58.50,-1.00
1000,0,41.65,-1.00
1000,0,35.61,-1.00
1000,0,30.29,-1.00
1000,0,50.02,-1.00
1000,0,50.65,-1.00
1000,0,21.40,-1.00
1000,0,22.53,-1.00
1000,0,40.32,-1.00
1000,0,40.20,-1.00
1000,0,25.68,-1.00
1000,0,31.48,-1.00
1000,0,11.73,-1.00
1000,0,30.63,-1.00
1000,0,71.27,-1.00
1000,0,47.71,-1.00
1000,0,18.25,-1.00
1000,0,25.55,-1.00
1000,0,31.51,-1.00
1000,0,58.19,-1.00
1000,0,48.57,-1.00
1000,0,89.39,-1.00
1000,0,13.80,-1.00
1000,0,29.82,-1.00
1000,0,118.61,-1.00
1000,0,41.41,-1.00
1000,0,33.47,-1.00
1000,0,86.80,-1.00
1000,0,22.41,-1.00
1000,0,75.52,-1.00
1000,0,21.77,-1.00
1000,0,20.83,-1.00
1000,0,61.17,-1.00
1000,0,34.29,-1.00
1000,0,23.45,-1.00
1000,0,32.79,-1.00
1000,0,27.37,-1.00
1000,0,43.12,-1.00
1000,0,74.24,-1.00
1000,0,25.67,-1.00
1000,0,32.79,-1.00
1000,0,43.01,-1.00
1000,0,67.65,-1.00
1000,0,44.31,-1.00
1000,0,40.69,-1.00
1000,0,63.33,-1.00
1000,0,76.92,-1.00
1000,0,44.33,-1.00
1000,0,37.18,-1.00
1000,0,45.65,-1.00
1000,0,32.99,-1.00
1000,0,30.94,-1.00
1000,0,48.07,-1.00
1000,0,33.01,-1.00
1000,0,32.50,-1.00
1000,0,37.00,-1.00
1000,0,17.01,-1.00
1000,0,40.20,-1.00
1000,0,30.13,-1.00
1000,0,54.19,-1.00
1000,0,33.53,-1.00
1000,0,54.87,-1.00
1000,0,29.56,-1.00
1000,0,19.35,-1.00
1000,0,40.64,-1.00
1000,0,52.59,-1.00
1000,0,18.83,-1.00
1000,0,23.73,-1.00
1000,0,33.56,-1.00
1000,0,49.41,-1.00
1000,0,61.70,-1.00
1000,0,76.33,-1.00
1000,0,31.49,-1.00
1000,0,19.98,-1.00
1000,0,24.85,-1.00
1000,0,22.89,-1.00
1000,0,103.11,-1.00
1000,0,33.19,-1.00
1000,0,27.37,-1.00
1000,0,26.32,-1.00
1000,0,85.43,-1.00
1000,0,31.48,-1.00
1000,0,30.34,-1.00
1000,0,15.13,-1.00
1000,0,33.85,-1.00
1000,0,26.33,-1.00
1000,0,21.61,-1.00
1000,0,21.29,-1.00
1000,0,30.63,-1.00
1000,0,43.18,-1.00
1000,0,109.62,-1.00
1000,0,53.45,-1.00
1000,0,25.76,-1.00
1000,0,52.81,-1.00
1000,0,61.08,-1.00
1000,0,38.59,-1.00
1000,0,54.56,-1.00
1000,0,36.87,-1.00
1000,0,41.37,-1.00
1000,0,107.34,-1.00
1000,0,23.07,-1.00
1000,0,25.56,-1.00
1000,0,80.22,-1.00
1000,0,42.01,-1.00
1000,0,42.26,-1.00
1000,0,100.74,-1.00
1000,0,36.35,-1.00
1000,0,54.22,-1.00
1000,0,28.06,-1.00
1000,0,50.92,-1.00
1000,0,19.64,-1.00
1000,0,33.01,-1.00
1000,0,35.22,-1.00
1000,0,42.24,-1.00
1000,0,89.27,-1.00
1000,0,34.98,-1.00
1000,0,98.13,-1.00
1000,0,21.91,-1.00
1000,0,18.26,-1.00
1000,0,21.76,-1.00
1000,0,23.01,-1.00
1000,0,30.92,-1.00
1000,0,30.36,-1.00
1000,0,112.87,-1.00
1000,0,45.40,-1.00
1000,0,54.45,-1.00
1000,0,30.10,-1.00
1000,0,37.67,-1.00
1000,0,58.47,-1.00
1000,0,53.15,-1.00
1000,0,42.72,-1.00
1000,0,39.66,-1.00
1000,0,33.47,-1.00
1000,0,47.08,-1.00
1000,0,79.14,-1.00
1000,0,35.92,-1.00
1000,0,109.83,-1.00
1000,0,26.11,-1.00
1000,0,42.43,-1.00
1000,0,43.34,-1.00
1000,0,48.16,-1.00
1000,0,20.51,-1.00
1000,0,42.15,-1.00
1000,0,24.49,-1.00
1000,0,48.38,-1.00
1000,0,23.70,-1.00
1000,0,41.65,-1.00
1000,0,24.49,-1.00
1000,0,43.95,-1.00
1000,0,82.57,-1.00
1000,0,49.33,-1.00
1000,0,45.58,-1.00
1000,0,147.62,-1.00
1000,0,92.67,-1.00
1000,0,55.13,-1.00
1000,0,80.97,-1.00
1000,0,25.23,-1.00
1000,0,30.23,-1.00
1000,0,35.43,-1.00
1000,0,32.60,-1.00
1000,0,26.36,-1.00
1000,0,28.72,-1.00
1000,0,51.50,-1.00
1000,0,34.75,-1.00
1000,0,38.68,-1.00
1000,0,38.40,-1.00
1000,0,49.14,-1.00
1000,0,79.29,-1.00
1000,0,46.90,-1.00
1000,0,57.26,-1.00
1000,0,24.05,-1.00
1000,0,34.97,-1.00
1000,0,29.75,-1.00
1000,0,31.83,-1.00
1000,0,29.08,-1.00
1000,0,32.08,-1.00
1000,0,136.98,-1.00
1000,0,61.84,-1.00
1000,0,44.10,-1.00
1000,0,41.06,-1.00
1000,0,49.98,-1.00
1000,0,30.46,-1.00
1000,0,36.88,-1.00
1000,0,46.30,-1.00
1000,0,25.13,-1.00
1000,0,30.88,-1.00
1000,0,26.93,-1.00
1000,0,94.34,-1.00
1000,0,62.38,-1.00
1000,0,31.37,-1.00
1000,0,83.29,-1.00
1000,0,33.68,-1.00
1000,0,44.75,-1.00
1000,0,36.08,-1.00
1000,0,23.10,-1.00
1000,0,27.50,-1.00
1000,0,49.08,-1.00
1000,0,26.34,-1.00
1000,0,53.24,-1.00
1000,0,43.90,-1.00
1000,0,65.37,-1.00
1000,0,62.92,-1.00
1000,0,47.31,-1.00
1000,0,41.54,-1.00
1000,0,32.81,-1.00
1000,0,35.06,-1.00
1000,0,65.57,-1.00
1000,0,37.27,-1.00
1000,0,63.46,-1.00
1000,0,51.97,-1.00
1000,0,39.17,-1.00
1000,0,53.28,-1.00
1000,0,71.04,-1.00
1000,0,143.89,-1.00
1000,0,58.85,-1.00
1000,0,17.75,-1.00
1000,0,55.27,-1.00
1000,0,53.05,-1.00
1000,0,26.45,-1.00
1000,0,22.44,-1.00
1000,0,44.09,-1.00
1000,0,49.49,-1.00
1000,0,81.08,-1.00
1000,0,76.11,-1.00
1000,0,38.67,-1.00
1000,0,48.40,-1.00
1000,0,39.13,-1.00
1000,0,40.07,-1.00
1000,0,33.95,-1.00
1000,0,52.80,-1.00
1000,0,27.56,-1.00
1000,0,45.17,-1.00
1000,0,34.72,-1.00
1000,0,36.67,-1.00
1000,0,23.23,-1.00
1000,0,37.61,-1.00
1000,0,49.02,-1.00
1000,0,66.01,-1.00
1000,0,28.02,-1.00
1000,0,48.75,-1.00
1000,0,37.22,-1.00
1000,0,40.44,-1.00
1000,0,26.70,-1.00
1000,0,52.45,-1.00
1000,0,22.74,-1.00
1000,0,42.81,-1.00
1000,0,73.20,-1.00
1000,0,88.37,-1.00
1000,0,38.02,-1.00
1000,0,45.26,-1.00
1000,0,30.34,-1.00
1000,0,14.97,-1.00
1000,0,52.14,-1.00
1000,0,15.18,-1.00
1000,0,20.31,-1.00
1000,0,25.19,-1.00
1000,0,80.50,-1.00
1000,0,35.06,-1.00
1000,0,29.89,-1.00
1000,0,19.49,-1.00
1000,0,23.67,-1.00
1000,0,52.53,-1.00
1000,0,13.51,-1.00
1000,0,35.10,-1.00
1000,0,23.95,-1.00
1000,0,31.55,-1.00
1000,0,16.32,-1.00
1000,0,54.15,-1.00
1000,0,37.88,-1.00
1000,0,34.78,-1.00
1000,0,57.44,-1.00
1000,0,49.89,-1.00
1000,0,100.13,-1.00
1000,0,49.97,-1.00
1000,0,10.90,-1.00
1000,0,32.35,-1.00
1000,0,37.28,-1.00
1000,0,46.72,-1.00
1000,0,32.15,-1.00
1000,0,63.71,-1.00
1000,0,43.33,-1.00
1000,0,42.38,-1.00
1000,0,95.99,-1.00
1000,0,36.78,-1.00
1000,0,25.78,-1.00
1000,0,28.93,-1.00
1000,0,36.98,-1.00
1000,0,36.73,-1.00
1000,0,19.52,-1.00
1000,0,46.52,-1.00
1000,0,38.10,-1.00
1000,0,90.28,-1.00
1000,0,40.59,-1.00
1000,0,32.91,-1.00
1000,0,44.91,-1.00
1000,0,58.66,-1.00
1000,0,99.58,-1.00
1000,0,38.91,-1.00
1000,0,25.21,-1.00
1000,0,33.63,-1.00
1000,0,48.98,-1.00
1000,0,67.98,-1.00
1000,0,66.08,-1.00
1000,0,74.50,-1.00
1000,0,43.11,-1.00
1000,0,16.27,-1.00
1000,0,26.99,-1.00
1000,0,96.09,-1.00
1000,0,34.88,-1.00
1000,0,47.03,-1.00
1000,0,48.09,-1.00
1000,0,78.16,-1.00
1000,0,81.63,-1.00
1000,0,64.81,-1.00
1000,0,19.72,-1.00
1000,0,66.61,-1.00
1000,0,39.79,-1.00
1000,0,30.26,-1.00
1000,0,19.85,-1.00
1000,0,24.72,-1.00
1000,0,50.91,-1.00
1000,0,46.77,-1.00
1000,0,46.52,-1.00
1000,0,22.52,-1.00
1000,0,61.92,-1.00
1000,0,36.10,-1.00
1000,0,45.88,-1.00
1000,0,65.75,-1.00
1000,0,57.05,-1.00
1000,0,36.49,-1.00
1000,0,32.41,-1.00
1000,0,97.68,-1.00
1000,0,49.58,-1.00
1000,0,73.20,-1.00
1000,0,110.21,-1.00
1000,0,92.98,-1.00
1000,0,26.20,-1.00
1000,0,25.50,-1.00
1000,0,25.26,-1.00
1000,0,21.61,-1.00
1000,0,30.72,-1.00
1000,0,32.76,-1.00
1000,0,50.23,-1.00
1000,0,20.66,-1.00
1000,0,79.31,-1.00
1000,0,29.78,-1.00
1000,0,140.75,-1.00
1000,0,45.56,-1.00
1000,0,77.50,-1.00
1000,0,50.62,-1.00
1000,0,15.81,-1.00
1000,0,50.45,-1.00
1000,0,22.35,-1.00
1000,0,52.84,-1.00
1000,0,26.03,-1.00
1000,0,39.64,-1.00
1000,0,52.71,-1.00
1000,0,96.55,-1.00
1000,0,46.07,-1.00
1000,0,29.01,-1.00
1000,0,51.09,-1.00
1000,0,70.18,-1.00
1000,0,60.20,-1.00
1000,0,24.99,-1.00
1000,0,91.10,-1.00
1000,0,18.67,-1.00
1000,0,64.74,-1.00
1000,0,45.29,-1.00
1000,0,18.61,-1.00
1000,0,28.19,-1.00
1000,0,104.69,-1.00
1000,0,38.49,-1.00
1000,0,38.78,-1.00
1000,0,34.38,-1.00
1000,0,103.99,-1.00
1000,0,62.77,-1.00
1000,0,31.34,-1.00
1000,0,61.48,-1.00
1000,0,40.04,-1.00
1000,0,22.77,-1.00
1000,0,40.69,-1.00
1000,0,51.84,-1.00
1000,0,22.24,-1.00
1000,0,24.06,-1.00
1000,0,28.84,-1.00
1000,0,135.73,-1.00
1000,0,40.75,-1.00
1000,0,36.02,-1.00
1000,0,66.64,-1.00
1000,0,45.75,-1.00
1000,0,48.12,-1.00
1000,0,56.09,-1.00
1000,0,42.11,-1.00
1000,0,46.79,-1.00
1000,0,20.27,-1.00
1000,0,23.08,-1.00
1000,0,38.46,-1.00
1000,0,27.09,-1.00
1000,0,50.28,-1.00
1000,0,45.79,-1.00
1000,0,56.05,-1.00
1000,0,29.71,-1.00
1000,0,38.02,-1.00
1000,0,25.53,-1.00
1000,0,86.34,-1.00
1000,0,20.25,-1.00
1000,0,33.96,-1.00
1000,0,73.89,-1.00
1000,0,33.50,-1.00
1000,0,41.92,-1.00
1000,0,26.17,-1.00
1000,0,39.73,-1.00
1000,0,23.14,-1.00
1000,0,50.65,-1.00
1000,0,92.47,-1.00
1000,0,34.49,-1.00
1000,0,49.61,-1.00
1000,0,74.87,-1.00
1000,0,20.06,-1.00
1000,0,26.88,-1.00
1000,0,41.11,-1.00
1000,0,37.90,-1.00
1000,0,38.60,-1.00
1000,0,52.51,-1.00
1000,0,92.95,-1.00
1000,0,37.43,-1.00
1000,0,23.70,-1.00
1000,0,28.21,-1.00
1000,0,19.81,-1.00
1000,0,38.66,-1.00
1000,0,15.45,-1.00
1000,0,45.69,-1.00
1000,0,43.03,-1.00
1000,0,75.03,-1.00
1000,0,111.26,-1.00
1000,0,18.89,-1.00
1000,0,14.64,-1.00
1000,0,51.77,-1.00
1000,0,65.46,-1.00
1000,0,64.49,-1.00
1000,0,43.08,-1.00
1000,0,55.79,-1.00
1000,0,60.16,-1.00
1000,0,48.14,-1.00
1000,0,71.13,-1.00
1000,0,31.27,-1.00
1000,0,64.79,-1.00
1000,0,34.32,-1.00
1000,0,27.39,-1.00
1000,0,42.01,-1.00
1000,0,59.71,-1.00
1000,0,14.71,-1.00
1000,0,29.19,-1.00
1000,0,32.59,-1.00
1000,0,54.42,-1.00
1000,0,37.49,-1.00
1000,0,32.15,-1.00
1000,0,43.83,-1.00
1000,0,21.30,-1.00
1000,0,61.31,-1.00
1000,0,25.68,-1.00
1000,0,39.45,-1.00
1000,0,27.60,-1.00
1000,0,190.06,-1.00
1000,0,63.82,-1.00
1000,0,39.88,-1.00
1000,0,112.04,-1.00
1000,0,58.03,-1.00
1000,0,55.91,-1.00
1000,0,52.11,-1.00
1000,0,50.19,-1.00
1000,0,21.83,-1.00
1000,0,40.96,-1.00
1000,0,18.40,-1.00
1000,0,27.75,-1.00
1000,0,18.11,-1.00
1000,0,46.87,-1.00
1000,0,34.78,-1.00
1000,0,34.95,-1.00
1000,0,44.74,-1.00
1000,0,36.74,-1.00
1000,0,27.33,-1.00
1000,0,22.06,-1.00
1000,0,87.64,-1.00
1000,0,37.34,-1.00
1000,0,41.31,-1.00
1000,0,59.17,-1.00
1000,0,29.67,-1.00
1000,0,35.38,-1.00
1000,0,35.99,-1.00
1000,0,21.06,-1.00
1000,0,31.74,-1.00
1000,0,20.28,-1.00
1000,0,89.63,-1.00
1000,0,39.40,-1.00
1000,0,15.87,-1.00
1000,0,32.05,-1.00
1000,0,47.71,-1.00
1000,0,26.19,-1.00
1000,0,30.42,-1.00
1000,0,42.52,-1.00
1000,0,43.30,-1.00
1000,0,56.52,-1.00
1000,0,56.39,-1.00
1000,0,19.59,-1.00
1000,0,141.83,-1.00
1000,0,55.50,-1.00
1000,0,83.66,-1.00
1000,0,24.13,-1.00
1000,0,28.87,-1.00
1000,0,70.26,-1.00
1000,0,63.97,-1.00
1000,0,34.44,-1.00
1000,0,42.39,-1.00
1000,0,38.06,-1.00
1000,0,75.89,-1.00
1000,0,28.32,-1.00
1000,0,43.45,-1.00
1000,0,32.13,-1.00
1000,0,47.85,-1.00
1000,0,74.03,-1.00
1000,0,168.50,-1.00
1000,0,32.04,-1.00
1000,0,58.74,-1.00
1000,0,18.29,-1.00
1000,0,49.47,-1.00
1000,0,35.92,-1.00
1000,0,27.07,-1.00
1000,0,44.90,-1.00
1000,0,46.61,-1.00
1000,0,43.57,-1.00
1000,0,53.71,-1.00
1000,0,46.79,-1.00
1000,0,70.53,-1.00
1000,0,25.98,-1.00
1000,0,20.32,-1.00
1000,0,24.08,-1.00
1000,0,33.26,-1.00
1000,0,58.89,-1.00
1000,0,51.53,-1.00
1000,0,24.35,-1.00
1000,0,55.82,-1.00
1000,0,25.48,-1.00
1000,0,41.13,-1.00
1000,0,88.00,-1.00
1000,0,25.66,-1.00
1000,0,48.32,-1.00
1000,0,33.52,-1.00
1000,0,66.72,-1.00
1000,0,31.71,-1.00
1000,0,31.02,-1.00
1000,0,55.44,-1.00
1000,0,22.43,-1.00
1000,0,34.70,-1.00
1000,0,21.56,-1.00
1000,0,18.20,-1.00
1000,0,20.07,-1.00
1000,0,39.10,-1.00
1000,0,42.22,-1.00
1000,0,83.00,-1.00
1000,0,101.90,-1.00
1000,0,34.30,-1.00
1000,0,45.54,-1.00
1000,0,23.81,-1.00
1000,0,52.52,-1.00
1000,0,20.36,-1.00
1000,0,29.68,-1.00
1000,0,61.50,-1.00
1000,0,41.69,-1.00
1000,0,41.51,-1.00
1000,0,30.55,-1.00
1000,0,13.90,-1.00
1000,0,40.17,-1.00
1000,0,27.47,-1.00
1000,0,32.38,-1.00
1000,0,62.95,-1.00
1000,0,26.26,-1.00
1000,0,18.40,-1.00
1000,0,31.95,-1.00
1000,0,39.78,-1.00
1000,0,46.08,-1.00
1000,0,119.46,-1.00
1000,0,38.33,-1.00
1000,0,68.10,-1.00
1000,0,20.35,-1.00
1000,0,31.93,-1.00
1000,0,46.83,-1.00
1000,0,45.71,-1.00
1000,0,19.14,-1.00
1000,0,32.80,-1.00
1000,0,37.05,-1.00
1000,0,54.48,-1.00
1000,0,44.76,-1.00
1000,0,55.72,-1.00
1000,0,15.17,-1.00
1000,0,43.06,-1.00
1000,0,47.75,-1.00
1000,0,23.15,-1.00
1000,0,35.10,-1.00
1000,0,48.59,-1.00
1000,0,38.88,-1.00
1000,0,84.46,-1.00
1000,0,48.71,-1.00
1000,0,18.80,-1.00
1000,0,14.35,-1.00
1000,0,35.71,-1.00
1000,0,37.62,-1.00
1000,0,63.01,-1.00
1000,0,25.59,-1.00
1000,0,44.02,-1.00
1000,0,21.04,-1.00
1000,0,33.11,-1.00
1000,0,55.68,-1.00
1000,0,44.24,-1.00
1000,0,66.51,-1.00
1000,0,37.37,-1.00
1000,0,53.46,-1.00
1000,0,36.22,-1.00
1000,0,47.31,-1.00
1000,0,46.75,-1.00
1000,0,29.39,-1.00
1000,0,33.35,-1.00
1000,0,50.76,-1.00
1000,0,64.47,-1.00
1000,0,33.79,-1.00
1000,0,36.71,-1.00
1000,0,49.18,-1.00
1000,0,29.72,-1.00
1000,0,21.23,-1.00
1000,0,19.16,-1.00
1000,0,30.28,-1.00
1000,0,41.87,-1.00
1000,0,21.77,-1.00
1000,0,18.14,-1.00
1000,0,28.33,-1.00
1000,0,15.91,-1.00
1000,0,25.89,-1.00
1000,0,61.43,-1.00
1000,0,23.49,-1.00
1000,0,30.66,-1.00
1000,0,41.59,-1.00
1000,0,35.60,-1.00
1000,0,44.62,-1.00
1000,0,28.12,-1.00
1000,0,23.58,-1.00
1000,0,43.50,-1.00
1000,0,18.78,-1.00
1000,0,32.32,-1.00
1000,0,31.44,-1.00
1000,0,76.49,-1.00
1000,0,44.83,-1.00
1000,0,132.17,-1.00
1000,0,28.65,-1.00
1000,0,80.37,-1.00
1000,0,39.04,-1.00
1000,0,23.69,-1.00
1000,0,40.71,-1.00
1000,0,38.87,-1.00
1000,0,36.09,-1.00
1000,0,50.07,-1.00
1000,0,57.22,-1.00
1000,0,39.64,-1.00
1000,0,91.65,-1.00
1000,0,20.23,-1.00
1000,0,22.40,-1.00
1000,0,11.40,-1.00
1000,0,30.23,-1.00
1000,0,23.08,-1.00
1000,0,57.31,-1.00
1000,0,60.01,-1.00
1000,0,21.22,-1.00
1000,0,51.78,-1.00
1000,0,29.33,-1.00
1000,0,33.85,-1.00
1000,0,65.53,-1.00
1000,0,63.62,-1.00
1000,0,30.06,-1.00
1000,0,35.15,-1.00
1000,0,51.99,-1.00
1000,0,67.95,-1.00
1000,0,41.79,-1.00
1000,0,23.65,-1.00
1000,0,24.72,-1.00
1000,0,78.33,-1.00
1000,0,51.81,-1.00
1000,0,77.04,-1.00
1000,0,37.03,-1.00
1000,0,81.69,-1.00
1000,0,29.15,-1.00
1000,0,46.40,-1.00
1000,0,50.76,-1.00
1000,0,65.64,-1.00
1000,0,27.75,-1.00
1000,0,64.16,-1.00
1000,0,21.83,-1.00
1000,0,18.56,-1.00
1000,0,27.65,-1.00
1000,0,54.43,-1.00
1000,0,36.51,-1.00
1000,0,23.35,-1.00
1000,0,24.66,-1.00
1000,0,25.71,-1.00
1000,0,78.85,-1.00
1000,0,32.88,-1.00
1000,0,129.71,-1.00
1000,0,82.64,-1.00
1000,0,25.50,-1.00
1000,0,44.95,-1.00
1000,0,44.16,-1.00
1000,0,31.62,-1.00
1000,0,37.78,-1.00
1000,0,20.24,-1.00
1000,0,43.30,-1.00
1000,0,31.09,-1.00
1000,0,22.33,-1.00
1000,0,37.22,-1.00
1000,0,44.62,-1.00
1000,0,25.29,-1.00
1000,0,16.46,-1.00
1000,0,23.31,-1.00
1000,0,41.97,-1.00
1000,0,63.24,-1.00
1000,0,47.75,-1.00
1000,0,25.74,-1.00
1000,0,160.01,-1.00
1000,0,12.72,-1.00
1000,0,101.86,-1.00
1000,0,36.51,-1.00
1000,0,33.52,-1.00
1000,0,50.36,-1.00
1000,0,22.97,-1.00
1000,0,28.08,-1.00
1000,0,30.86,-1.00
1000,0,61.35,-1.00
1000,0,30.49,-1.00
1000,0,52.12,-1.00
1000,0,22.28,-1.00
1000,0,14.74,-1.00
1000,0,42.91,-1.00
1000,0,56.65,-1.00
1000,0,32.83,-1.00
1000,0,27.08,-1.00
1000,0,65.17,-1.00
1000,0,37.90,-1.00
1000,0,27.73,-1.00
1000,0,46.21,-1.00
1000,0,28.66,-1.00
1000,0,41.46,-1.00
1000,0,47.49,-1.00
1000,0,30.33,-1.00
1000,0,44.54,-1.00
1000,0,39.38,-1.00
1000,0,32.51,-1.00
1000,0,19.78,-1.00
1000,0,31.67,-1.00
1000,0,76.22,-1.00
1000,0,33.85,-1.00
1000,0,29.93,-1.00
1000,0,85.69,-1.00
1000,0,16.04,-1.00
1000,0,48.13,-1.00
1000,0,89.04,-1.00
1000,0,71.76,-1.00
1000,0,41.45,-1.00
1000,0,62.86,-1.00
1000,0,15.73,-1.00
1000,0,36.86,-1.00
1000,0,17.88,-1.00
1000,0,82.83,-1.00
1000,0,38.53,-1.00
1000,0,46.19,-1.00
1000,0,49.78,-1.00
1000,0,54.90,-1.00
1000,0,34.14,-1.00
1000,0,77.14,-1.00
1000,0,37.17,-1.00
1000,0,14.73,-1.00
1000,0,46.78,-1.00
1000,0,54.72,-1.00
1000,0,31.68,-1.00
1000,0,32.80,-1.00
1000,0,29.53,-1.00
1000,0,98.49,-1.00
1000,0,23.23,-1.00
1000,0,36.38,-1.00
1000,0,64.22,-1.00
1000,0,60.83,-1.00
1000,0,76.89,-1.00
1000,0,27.03,-1.00
1000,0,51.38,-1.00
1000,0,80.68,-1.00
1000,0,34.23,-1.00
1000,0,45.38,-1.00
1000,0,33.27,-1.00
1000,0,30.76,-1.00
1000,0,21.25,-1.00
1000,0,43.60,-1.00
1000,0,15.80,-1.00
1000,0,27.26,-1.00
1000,0,37.35,-1.00
1000,0,43.10,-1.00
1000,0,27.95,-1.00
1000,0,44.34,-1.00
1000,0,94.83,-1.00
1000,0,31.24,-1.00
1000,0,59.48,-1.00
1000,0,26.59,-1.00
1000,0,34.50,-1.00
1000,0,64.70,-1.00
1000,0,68.54,-1.00
1000,0,37.71,-1.00
1000,0,41.38,-1.00
1000,0,27.60,-1.00
1000,0,27.72,-1.00
1000,0,31.30,-1.00
1000,0,50.77,-1.00
1000,0,36.12,-1.00
1000,0,39.67,-1.00
1000,0,54.56,-1.00
1000,0,34.80,-1.00
1000,0,19.91,-1.00
1000,0,23.65,-1.00
1000,0,36.06,-1.00
1000,0,28.47,-1.00
1000,0,65.62,-1.00
1000,0,51.90,-1.00
1000,0,74.50,-1.00
1000,0,32.42,-1.00
1000,0,80.41,-1.00
1000,0,51.52,-1.00
1000,0,59.88,-1.00
1000,0,25.82,-1.00
1000,0,45.58,-1.00
1000,0,33.75,-1.00
1000,0,45.33,-1.00
1000,0,40.23,-1.00
1000,0,39.88,-1.00
1000,0,91.85,-1.00
1000,0,29.07,-1.00
1000,0,28.80,-1.00
1000,0,17.97,-1.00
1000,0,52.61,-1.00
1000,0,25.46,-1.00
1000,0,39.12,-1.00
1000,0,117.28,-1.00
1000,0,36.44,-1.00
1000,0,42.75,-1.00
1000,0,77.85,-1.00
1000,0,32.35,-1.00
1000,0,26.20,-1.00
1000,0,15.47,-1.00
1000,0,31.45,-1.00
1000,0,28.10,-1.00
1000,0,21.39,-1.00
1000,0,60.18,-1.00
1000,0,37.85,-1.00
1000,0,46.26,-1.00
1000,0,21.18,-1.00
1000,0,137.96,-1.00
1000,0,28.26,-1.00
1000,0,38.46,-1.00
1000,0,37.85,-1.00
1000,0,43.52,-1.00
1000,0,24.66,-1.00
1000,0,42.07,-1.00
1000,0,62.32,-1.00
1000,0,38.70,-1.00
1000,0,65.16,-1.00
1000,0,40.17,-1.00
1000,0,28.22,-1.00
1000,0,28.00,-1.00
1000,0,39.19,-1.00
1000,0,52.14,-1.00
1000,0,16.55,-1.00
1000,0,43.06,-1.00
1000,0,51.65,-1.00
1000,0,59.78,-1.00
1000,0,57.35,-1.00
1000,0,70.71,-1.00
1000,0,96.99,-1.00
1000,0,21.98,-1.00
1000,0,30.13,-1.00
1000,0,17.42,-1.00
1000,0,27.32,-1.00
1000,0,33.76,-1.00
1000,0,40.56,-1.00
1000,0,16.14,-1.00
1000,0,60.79,-1.00
1000,0,29.96,-1.00
1000,0,20.53,-1.00
1000,0,56.44,-1.00
1000,0,113.43,-1.00
1000,0,27.75,-1.00
1000,0,33.54,-1.00
1000,0,112.09,-1.00
1000,0,64.12,-1.00
1000,0,30.79,-1.00
1000,0,31.27,-1.00
1000,0,49.61,-1.00
1000,0,27.11,-1.00
1000,0,68.78,-1.00
1000,0,37.26,-1.00
1000,0,54.69,-1.00
1000,0,35.54,-1.00
1000,0,74.90,-1.00
1000,0,19.80,-1.00
1000,0,20.03,-1.00
1000,0,43.28,-1.00
1000,0,61.60,-1.00
1000,0,23.28,-1.00
1000,0,48.09,-1.00
1000,0,38.85,-1.00
1000,0,39.85,-1.00
1000,0,55.63,-1.00
1000,0,39.68,-1.00
1000,0,26.29,-1.00
1000,0,73.57,-1.00
1000,0,96.32,-1.00
1000,0,40.36,-1.00
1000,0,21.41,-1.00
1000,0,55.67,-1.00
1000,0,22.95,-1.00
1000,0,41.51,-1.00
1000,0,34.33,-1.00
1000,0,99.74,-1.00
1000,0,34.12,-1.00
1000,0,30.14,-1.00
1000,0,61.63,-1.00
1000,0,22.28,-1.00
1000,0,23.96,-1.00
1000,0,36.44,-1.00
1000,0,63.41,-1.00
1000,0,24.96,-1.00
1000,0,54.20,-1.00
1000,0,27.75,-1.00
1000,0,50.99,-1.00
1000,0,32.01,-1.00
1000,0,46.03,-1.00
1000,0,47.44,-1.00
1000,0,44.58,-1.00
1000,0,39.77,-1.00
1000,0,19.85,-1.00
1000,0,61.90,-1.00
1000,0,43.56,-1.00
1000,0,39.78,-1.00
1000,0,51.86,-1.00
1000,0,57.82,-1.00
1000,0,19.57,-1.00
1000,0,43.85,-1.00
1000,0,22.03,-1.00
1000,0,47.37,-1.00
1000,0,60.01,-1.00
1000,0,43.18,-1.00
1000,0,35.74,-1.00
1000,0,14.46,-1.00
1000,0,149.95,-1.00
1000,0,49.88,-1.00
1000,0,17.63,-1.00
1000,0,33.58,-1.00
1000,0,38.59,-1.00
1000,0,18.89,-1.00
1000,0,44.42,-1.00
1000,0,49.46,-1.00
1000,0,43.98,-1.00
1000,0,26.24,-1.00
1000,0,32.32,-1.00
1000,0,28.41,-1.00
1000,0,92.70,-1.00
1000,0,88.61,-1.00
1000,0,21.71,-1.00
1000,0,24.07,-1.00
1000,0,68.52,-1.00
1000,0,33.16,-1.00
1000,0,51.82,-1.00
1000,0,35.36,-1.00
1000,0,24.72,-1.00
1000,0,29.06,-1.00
1000,0,15.95,-1.00
1000,0,44.26,-1.00
1000,0,68.43,-1.00
1000,0,52.03,-1.00
1000,0,50.83,-1.00
1000,0,24.99,-1.00
1000,0,41.82,-1.00
1000,0,48.67,-1.00
1000,0,16.83,-1.00
1000,0,47.39,-1.00
1000,0,45.32,-1.00
1000,0,69.59,-1.00
1000,0,37.50,-1.00
1000,0,28.93,-1.00
1000,0,42.96,-1.00
1000,0,44.49,-1.00
1000,0,37.35,-1.00
1000,0,20.80,-1.00
1000,0,20.76,-1.00
1000,0,19.28,-1.00
1000,0,33.94,-1.00
1000,0,69.17,-1.00
1000,0,21.47,-1.00
1000,0,26.20,-1.00
1000,0,35.92,-1.00
1000,0,24.65,-1.00
1000,0,75.00,-1.00
1000,0,31.64,-1.00
1000,0,25.75,-1.00
1000,0,31.25,-1.00
1000,0,33.83,-1.00
1000,0,48.29,-1.00
1000,0,73.23,-1.00
1000,0,25.03,-1.00
1000,0,37.29,-1.00
1000,0,49.98,-1.00
1000,0,74.73,-1.00
1000,0,49.34,-1.00
1000,0,23.76,-1.00
1000,0,30.83,-1.00
1000,0,34.09,-1.00
1000,0,39.79,-1.00
1000,0,42.71,-1.00
1000,0,27.91,-1.00
1000,0,27.73,-1.00
1000,0,58.09,-1.00
1000,0,38.08,-1.00
1000,0,36.23,-1.00
1000,0,70.43,-1.00
1000,0,85.64,-1.00
1000,0,75.11,-1.00
1000,0,53.70,-1.00
1000,0,58.87,-1.00
1000,0,135.15,-1.00
1000,0,44.01,-1.00
1000,0,130.01,-1.00
1000,0,31.87,-1.00
1000,0,15.85,-1.00
1000,0,37.08,-1.00
1000,0,37.22,-1.00
1000,0,32.43,-1.00
1000,0,39.99,-1.00
1000,0,38.85,-1.00
1000,0,37.89,-1.00
1000,0,48.90,-1.00
1000,0,30.96,-1.00
1000,0,74.03,-1.00
1000,0,55.17,-1.00
1000,0,36.56,-1.00
1000,0,58.60,-1.00
1000,0,36.70,-1.00
1000,0,23.02,-1.00
1000,0,20.67,-1.00
1000,0,19.49,-1.00
1000,0,50.76,-1.00
1000,0,65.55,-1.00
1000,0,38.71,-1.00
1000,0,33.25,-1.00
1000,0,84.78,-1.00
1000,0,60.14,-1.00
1000,0,75.76,-1.00
1000,0,28.62,-1.00
1000,0,29.78,-1.00
1000,0,19.81,-1.00
1000,0,87.77,-1.00
1000,0,26.27,-1.00
1000,0,28.42,-1.00
1000,0,88.11,-1.00
1000,0,79.01,-1.00
1000,0,38.92,-1.00
1000,0,72.28,-1.00
1000,0,42.88,-1.00
1000,0,34.23,-1.00
1000,0,66.25,-1.00
1000,0,42.21,-1.00
1000,0,37.49,-1.00
1000,0,13.88,-1.00
1000,0,40.04,-1.00
1000,0,45.37,-1.00
1000,0,25.15,-1.00
1000,0,19.91,-1.00
1000,0,59.96,-1.00
1000,0,67.57,-1.00
1000,0,29.79,-1.00
1000,0,33.46,-1.00
1000,0,21.10,-1.00
1000,0,53.57,-1.00
1000,0,49.58,-1.00
1000,0,32.86,-1.00
1000,0,69.04,-1.00
1000,0,93.03,-1.00
1000,0,19.38,-1.00
1000,0,48.15,-1.00
1000,0,21.62,-1.00
1000,0,85.32,-1.00
1000,0,36.47,-1.00
1000,0,32.14,-1.00
1000,0,63.69,-1.00
1000,0,48.35,-1.00
1000,0,34.90,-1.00
1000,0,76.57,-1.00
1000,0,62.80,-1.00
1000,0,34.84,-1.00
1000,0,46.98,-1.00
1000,0,38.87,-1.00
1000,0,113.07,-1.00
1000,0,28.94,-1.00
1000,0,40.71,-1.00
1000,0,38.34,-1.00
1000,0,22.50,-1.00
1000,0,13.52,-1.00
1000,0,30.44,-1.00
1000,0,35.86,-1.00
1000,0,113.77,-1.00
1000,0,54.84,-1.00
1000,0,69.69,-1.00
1000,0,34.29,-1.00
1000,0,57.09,-1.00
1000,0,35.22,-1.00
1000,0,22.08,-1.00
1000,0,85.74,-1.00
1000,0,36.37,-1.00
1000,0,19.72,-1.00
1000,0,125.36,-1.00
1000,0,26.75,-1.00
1000,0,30.56,-1.00
1000,0,48.46,-1.00
1000,0,53.22,-1.00
1000,0,31.34,-1.00
1000,0,79.40,-1.00
1000,0,74.45,-1.00
1000,0,26.52,-1.00
1000,0,24.92,-1.00
1000,0,27.05,-1.00
1000,0,29.78,-1.00
1000,0,26.11,-1.00
1000,0,29.46,-1.00
1000,0,25.87,-1.00
1000,0,56.25,-1.00
1000,0,36.94,-1.00
1000,0,19.81,-1.00
1000,0,48.92,-1.00
1000,0,106.71,-1.00
1000,0,49.31,-1.00
1000,0,27.70,-1.00
1000,0,76.36,-1.00
1000,0,64.78,-1.00
1000,0,81.25,-1.00
1000,0,56.67,-1.00
1000,0,44.49,-1.00
1000,0,26.67,-1.00
1000,0,41.11,-1.00
1000,0,47.66,-1.00
1000,0,43.08,-1.00
1000,0,29.35,-1.00
1000,0,42.45,-1.00
1000,0,63.04,-1.00
1000,0,29.01,-1.00
1000,0,32.26,-1.00
1000,0,34.23,-1.00
1000,0,24.39,-1.00
1000,0,28.23,-1.00
1000,0,26.87,-1.00
1000,0,24.09,-1.00
1000,0,72.86,-1.00
1000,0,34.63,-1.00
1000,0,59.01,-1.00
1000,0,44.42,-1.00
1000,0,68.52,-1.00
1000,0,30.05,-1.00
1000,0,32.67,-1.00
1000,0,28.66,-1.00
1000,0,22.37,-1.00
1000,0,44.61,-1.00
1000,0,27.33,-1.00
1000,0,29.73,-1.00
1000,0,26.58,-1.00
1000,0,55.92,-1.00
1000,0,33.25,-1.00
1000,0,27.51,-1.00
1000,0,39.28,-1.00
1000,0,27.93,-1.00
1000,0,44.23,-1.00
1000,0,173.79,-1.00
1000,0,74.68,-1.00
1000,0,41.17,-1.00
1000,0,36.45,-1.00
1000,0,39.11,-1.00
1000,0,100.65,-1.00
1000,0,32.19,-1.00
1000,0,26.20,-1.00
1000,0,41.50,-1.00
1000,0,38.71,-1.00
1000,0,39.29,-1.00
1000,0,45.79,-1.00
1000,0,31.36,-1.00
1000,0,31.22,-1.00
1000,0,30.47,-1.00
1000,0,26.77,-1.00
1000,0,44.28,-1.00
1000,0,26.52,-1.00
1000,0,45.11,-1.00
1000,0,18.58,-1.00
1000,0,65.14,-1.00
1000,0,28.63,-1.00
1000,0,30.32,-1.00
1000,0,37.34,-1.00
1000,0,54.85,-1.00
1000,0,69.00,-1.00
1000,0,38.24,-1.00
1000,0,83.51,-1.00
1000,0,36.16,-1.00
1000,0,82.06,-1.00
1000,0,49.37,-1.00
1000,0,48.44,-1.00
1000,0,38.72,-1.00
1000,0,16.81,-1.00
1000,0,24.39,-1.00
1000,0,35.70,-1.00
1000,0,36.38,-1.00
1000,0,48.37,-1.00
1000,0,21.06,-1.00
1000,0,39.19,-1.00
1000,0,76.09,-1.00
1000,0,89.17,-1.00
1000,0,30.37,-1.00
1000,0,88.91,-1.00
1000,0,28.98,-1.00
1000,0,68.13,-1.00
1000,0,70.90,-1.00
1000,0,52.75,-1.00
1000,0,19.05,-1.00
1000,0,38.13,-1.00
1000,0,58.81,-1.00
1000,0,23.13,-1.00
1000,0,46.67,-1.00
1000,0,37.79,-1.00
1000,0,162.03,-1.00
1000,0,64.79,-1.00
1000,0,21.38,-1.00
1000,0,42.09,-1.00
1000,0,46.36,-1.00
1000,0,55.57,-1.00
1000,0,32.87,-1.00
1000,0,30.32,-1.00
1000,0,62.37,-1.00
1000,0,58.46,-1.00
1000,0,56.37,-1.00
1000,0,90.95,-1.00
1000,0,15.93,-1.00
1000,0,38.09,-1.00
1000,0,65.33,-1.00
1000,0,28.44,-1.00
1000,0,55.40,-1.00
1000,0,36.14,-1.00
1000,0,53.87,-1.00
1000,0,24.23,-1.00
1000,0,29.91,-1.00
1000,0,24.68,-1.00
1000,0,47.14,-1.00
1000,0,22.49,-1.00
1000,0,30.27,-1.00
1000,0,55.42,-1.00
1000,0,23.78,-1.00
1000,0,63.96,-1.00
1000,0,24.06,-1.00
1000,0,65.35,-1.00
1000,0,27.53,-1.00
1000,0,49.38,-1.00
1000,0,17.13,-1.00
1000,0,56.67,-1.00
1000,0,13.56,-1.00
1000,0,31.84,-1.00
1000,0,100.14,-1.00
1000,0,90.96,-1.00
1000,0,40.78,-1.00
1000,0,66.64,-1.00
1000,0,72.14,-1.00
1000,0,28.67,-1.00
1000,0,118.85,-1.00
1000,0,24.21,-1.00
1000,0,43.75,-1.00
1000,0,47.31,-1.00
1000,0,44.33,-1.00
1000,0,42.82,-1.00
1000,0,52.46,-1.00
1000,0,69.19,-1.00
1000,0,18.64,-1.00
1000,0,28.39,-1.00
1000,0,27.04,-1.00
1000,0,108.90,-1.00
1000,0,50.75,-1.00
1000,0,37.24,-1.00
1000,0,20.72,-1.00
1000,0,29.96,-1.00
1000,0,36.69,-1.00
1000,0,54.41,-1.00
1000,0,35.19,-1.00
1000,0,27.36,-1.00
1000,0,22.96,-1.00
1000,0,48.10,-1.00
1000,0,24.33,-1.00
1000,0,30.42,-1.00
1000,0,27.00,-1.00
1000,0,42.71,-1.00
1000,0,41.38,-1.00
1000,0,21.29,-1.00
1000,0,35.37,-1.00
1000,0,62.79,-1.00
1000,0,41.05,-1.00
1000,0,40.21,-1.00
1000,0,93.98,-1.00
1000,0,35.18,-1.00
1000,0,51.09,-1.00
1000,0,19.43,-1.00
1000,0,19.18,-1.00
1000,0,21.05,-1.00
1000,0,46.68,-1.00
1000,0,21.30,-1.00
1000,0,58.73,-1.00
1000,0,34.81,-1.00
1000,0,32.59,-1.00
1000,0,31.56,-1.00
1000,0,51.63,-1.00
1000,0,67.63,-1.00
1000,0,60.47,-1.00
1000,0,18.63,-1.00
1000,0,30.51,-1.00
1000,0,23.88,-1.00
1000,0,60.28,-1.00
1000,0,21.51,-1.00
1000,0,46.99,-1.00
1000,0,37.92,-1.00
1000,0,35.76,-1.00
1000,0,52.28,-1.00
1000,0,39.11,-1.00
1000,0,82.21,-1.00
1000,0,25.70,-1.00
1000,0,67.63,-1.00
1000,0,67.11,-1.00
1000,0,47.00,-1.00
1000,0,52.10,-1.00
1000,0,38.25,-1.00
1000,0,39.16,-1.00
1000,0,77.32,-1.00
1000,0,45.72,-1.00
1000,0,14.95,-1.00
1000,0,25.82,-1.00
1000,0,25.14,-1.00
1000,0,40.04,-1.00
1000,0,41.97,-1.00
1000,0,25.18,-1.00
1000,0,25.75,-1.00
1000,0,26.48,-1.00
1000,0,60.71,-1.00
1000,0,31.47,-1.00
1000,0,32.86,-1.00
1000,0,25.30,-1.00
1000,0,43.30,-1.00
1000,0,22.82,-1.00
1000,0,52.93,-1.00
1000,0,114.04,-1.00
1000,0,41.96,-1.00
1000,0,35.65,-1.00
1000,0,43.42,-1.00
1000,0,63.05,-1.00
1000,0,54.91,-1.00
1000,0,19.95,-1.00
1000,0,56.49,-1.00
1000,0,14.47,-1.00
1000,0,58.39,-1.00
1000,0,35.34,-1.00
1000,0,34.84,-1.00
1000,0,26.49,-1.00
1000,0,46.76,-1.00
1000,0,41.67,-1.00
1000,0,32.17,-1.00
1000,0,44.43,-1.00
1000,0,24.78,-1.00
1000,0,47.51,-1.00
1000,0,192.63,-1.00
1000,0,97.67,-1.00
1000,0,28.27,-1.00
1000,0,59.62,-1.00
1000,0,29.79,-1.00
1000,0,43.57,-1.00
1000,0,21.11,-1.00
1000,0,21.26,-1.00
1000,0,21.99,-1.00
1000,0,38.24,-1.00
1000,0,25.33,-1.00
1000,0,28.45,-1.00
1000,0,53.10,-1.00
1000,0,27.84,-1.00
1000,0,92.25,-1.00
1000,0,29.32,-1.00
1000,0,54.99,-1.00
1000,0,58.82,-1.00
1000,0,105.28,-1.00
1000,0,78.48,-1.00
1000,0,93.68,-1.00
1000,0,24.26,-1.00
1000,0,39.24,-1.00
1000,0,46.55,-1.00
1000,0,117.31,-1.00
1000,0,63.96,-1.00
1000,0,61.67,-1.00
1000,0,23.97,-1.00
1000,0,113.19,-1.00
1000,0,33.15,-1.00
1000,0,47.45,-1.00
1000,0,26.42,-1.00
1000,0,33.74,-1.00
1000,0,31.05,-1.00
1000,0,49.09,-1.00
1000,0,22.89,-1.00
1000,0,30.22,-1.00
1000,0,29.45,-1.00
1000,0,41.76,-1.00
1000,0,34.94,-1.00
1000,0,26.45,-1.00
1000,0,55.39,-1.00
1000,0,48.54,-1.00
1000,0,41.48,-1.00
1000,0,33.63,-1.00
1000,0,29.88,-1.00
1000,0,23.20,-1.00
1000,0,21.67,-1.00
1000,0,56.65,-1.00
1000,0,36.96,-1.00
1000,0,102.76,-1.00
1000,0,27.12,-1.00
1000,0,69.97,-1.00
1000,0,62.02,-1.00
1000,0,35.94,-1.00
1000,0,34.83,-1.00
1000,0,20.22,-1.00
1000,0,49.23,-1.00
1000,0,33.55,-1.00
1000,0,36.89,-1.00
1000,0,27.56,-1.00
1000,0,53.71,-1.00
1000,0,49.16,-1.00
1000,0,32.85,-1.00
1000,0,29.85,-1.00
1000,0,53.72,-1.00
1000,0,57.79,-1.00
1000,0,69.68,-1.00
1000,0,49.54,-1.00
1000,0,36.87,-1.00
1000,0,25.81,-1.00
1000,0,26.73,-1.00
1000,0,41.15,-1.00
1000,0,27.07,-1.00
1000,0,90.74,-1.00
1000,0,39.37,-1.00
1000,0,34.56,-1.00
1000,0,22.21,-1.00
1000,0,60.09,-1.00
1000,0,43.69,-1.00
1000,0,138.86,-1.00
1000,0,26.08,-1.00
1000,0,21.18,-1.00
1000,0,29.68,-1.00
1000,0,31.42,-1.00
1000,0,82.81,-1.00
1000,0,12.67,-1.00
1000,0,27.34,-1.00
1000,0,63.71,-1.00
1000,0,27.31,-1.00
1000,0,96.68,-1.00
1000,0,42.85,-1.00
1000,0,18.54,-1.00
1000,0,51.77,-1.00
1000,0,81.69,-1.00
1000,0,36.26,-1.00
1000,0,34.01,-1.00
1000,0,26.48,-1.00
1000,0,43.45,-1.00
1000,0,37.62,-1.00
1000,0,33.34,-1.00
1000,0,38.83,-1.00
1000,0,35.19,-1.00
1000,0,46.17,-1.00
1000,0,46.50,-1.00
1000,0,20.10,-1.00
1000,0,56.06,-1.00
1000,0,22.16,-1.00
1000,0,21.50,-1.00
1000,0,27.18,-1.00
1000,0,43.42,-1.00
1000,0,52.90,-1.00
1000,0,23.02,-1.00
1000,0,44.87,-1.00
1000,0,63.10,-1.00
1000,0,47.11,-1.00
1000,0,20.24,-1.00
1000,0,25.66,-1.00
1000,0,22.99,-1.00
1000,0,46.23,-1.00
1000,0,18.05,-1.00
1000,0,38.86,-1.00
1000,0,42.68,-1.00
1000,0,24.39,-1.00
1000,0,77.77,-1.00
1000,0,21.75,-1.00
1000,0,47.71,-1.00
1000,0,37.91,-1.00
1000,0,38.74,-1.00
1000,0,39.01,-1.00
1000,0,30.67,-1.00
1000,0,31.95,-1.00
1000,0,44.65,-1.00
1000,0,27.68,-1.00
1000,0,49.37,-1.00
1000,0,26.18,-1.00
1000,0,27.10,-1.00
1000,0,21.89,-1.00
1000,0,81.20,-1.00
1000,0,31.86,-1.00
1000,0,13.65,-1.00
1000,0,23.37,-1.00
1000,0,37.77,-1.00
1000,0,30.40,-1.00
1000,0,41.61,-1.00
1000,0,43.57,-1.00
1000,0,54.06,-1.00
1000,0,35.72,-1.00
1000,0,20.39,-1.00
1000,0,83.54,-1.00
1000,0,27.53,-1.00
1000,0,18.83,-1.00
1000,0,28.41,-1.00
1000,0,28.14,-1.00
1000,0,66.80,-1.00
1000,0,29.61,-1.00
1000,0,53.90,-1.00
1000,0,29.84,-1.00
1000,0,19.48,-1.00
1000,0,49.38,-1.00
1000,0,27.66,-1.00
1000,0,22.46,-1.00
1000,0,21.11,-1.00
1000,0,27.47,-1.00
1000,0,22.49,-1.00
1000,0,39.17,-1.00
1000,0,23.52,-1.00
1000,0,79.42,-1.00
1000,0,26.87,-1.00
1000,0,78.24,-1.00
1000,0,68.31,-1.00
1000,0,25.06,-1.00
1000,0,28.54,-1.00
1000,0,82.90,-1.00
1000,0,28.84,-1.00
1000,0,42.24,-1.00
1000,0,52.56,-1.00
1000,0,67.25,-1.00
1000,0,50.08,-1.00
1000,0,27.62,-1.00
1000,0,40.64,-1.00
1000,0,43.11,-1.00
1000,0,12.41,-1.00
1000,0,35.93,-1.00
1000,0,29.04,-1.00
1000,0,42.15,-1.00
1000,0,50.58,-1.00
1000,0,93.55,-1.00
1000,0,88.24,-1.00
1000,0,59.76,-1.00
1000,0,29.45,-1.00
1000,0,50.34,-1.00
1000,0,44.93,-1.00
1000,0,35.18,-1.00
1000,0,44.11,-1.00
1000,0,26.67,-1.00
1000,0,39.35,-1.00
1000,0,37.85,-1.00
1000,0,15.48,-1.00
1000,0,21.69,-1.00
1000,0,30.70,-1.00
1000,0,20.26,-1.00
1000,0,17.69,-1.00
1000,0,35.81,-1.00
1000,0,68.28,-1.00
1000,0,21.51,-1.00
1000,0,71.74,-1.00
1000,0,48.46,-1.00
1000,0,36.38,-1.00
1000,0,41.88,-1.00
1000,0,69.06,-1.00
1000,0,41.78,-1.00
1000,0,61.63,-1.00
1000,0,30.18,-1.00
1000,0,24.54,-1.00
1000,0,34.82,-1.00
1000,0,23.65,-1.00
1000,0,50.76,-1.00
1000,0,69.61,-1.00
1000,0,38.78,-1.00
1000,0,54.73,-1.00
1000,0,33.11,-1.00
1000,0,34.48,-1.00
1000,0,75.58,-1.00
1000,0,53.76,-1.00
1000,0,34.28,-1.00
1000,0,29.57,-1.00
1000,0,59.26,-1.00
1000,0,26.74,-1.00
1000,0,65.82,-1.00
1000,0,64.74,-1.00
1000,0,75.84,-1.00
1000,0,18.63,-1.00
1000,0,32.38,-1.00
1000,0,39.71,-1.00
1000,0,69.67,-1.00
1000,0,34.52,-1.00
1000,0,27.55,-1.00
1000,0,86.31,-1.00
1000,0,20.45,-1.00
1000,0,40.44,-1.00
1000,0,19.82,-1.00
1000,0,33.65,-1.00
1000,0,50.56,-1.00
1000,0,52.77,-1.00
1000,0,71.75,-1.00
1000,0,102.98,-1.00
1000,0,21.03,-1.00
1000,0,13.48,-1.00
1000,0,20.37,-1.00
1000,0,15.56,-1.00
1000,0,43.59,-1.00
1000,0,17.92,-1.00
1000,0,26.80,-1.00
1000,0,37.89,-1.00
1000,0,28.93,-1.00
1000,0,31.94,-1.00
1000,0,49.93,-1.00
1000,0,58.38,-1.00
1000,0,35.29,-1.00
1000,0,36.51,-1.00
1000,0,31.78,-1.00
1000,0,57.38,-1.00
1000,0,42.71,-1.00
1000,0,20.28,-1.00
1000,0,33.73,-1.00
1000,0,19.84,-1.00
1000,0,48.85,-1.00
1000,0,34.45,-1.00
1000,0,28.15,-1.00
1000,0,19.18,-1.00
1000,0,65.93,-1.00
1000,0,35.89,-1.00
1000,0,55.31,-1.00
1000,0,25.20,-1.00
1000,0,79.84,-1.00
1000,0,116.53,-1.00
1000,0,77.30,-1.00
1000,0,89.89,-1.00
1000,0,31.70,-1.00
1000,0,17.93,-1.00
1000,0,27.99,-1.00
1000,0,66.26,-1.00
1000,0,92.13,-1.00
1000,0,39.63,-1.00
1000,0,51.64,-1.00
1000,0,36.96,-1.00
1000,0,43.61,-1.00
1000,0,24.43,-1.00
1000,0,61.81,-1.00
1000,0,42.30,-1.00
1000,0,40.09,-1.00
1000,0,37.10,-1.00
1000,0,79.04,-1.00
1000,0,24.92,-1.00
1000,0,25.44,-1.00
1000,0,113.03,-1.00
1000,0,26.91,-1.00
1000,0,35.44,-1.00
1000,0,96.93,-1.00
1000,0,37.66,-1.00
1000,0,35.06,-1.00
1000,0,51.94,-1.00
1000,0,36.33,-1.00
1000,0,26.73,-1.00
1000,0,23.61,-1.00
1000,0,32.89,-1.00
1000,0,50.74,-1.00
1000,0,71.76,-1.00
1000,0,46.44,-1.00
1000,0,40.09,-1.00
1000,0,29.84,-1.00
1000,0,63.23,-1.00
1000,0,67.43,-1.00
1000,0,35.58,-1.00
1000,0,25.80,-1.00
1000,0,92.71,-1.00
1000,0,15.76,-1.00
1000,0,35.49,-1.00
1000,0,17.25,-1.00
1000,0,56.12,-1.00
1000,0,28.39,-1.00
1000,0,50.19,-1.00
1000,0,65.23,-1.00
1000,0,35.74,-1.00
1000,0,44.62,-1.00
1000,0,68.19,-1.00
1000,0,11.97,-1.00
1000,0,60.08,-1.00
1000,0,80.36,-1.00
1000,0,27.83,-1.00
1000,0,52.16,-1.00
1000,0,53.32,-1.00
1000,0,28.37,-1.00
1000,0,39.11,-1.00
1000,0,104.46,-1.00
1000,0,113.56,-1.00
1000,0,15.97,-1.00
1000,0,30.26,-1.00
1000,0,34.67,-1.00
1000,0,33.77,-1.00
1000,0,33.82,-1.00
1000,0,53.92,-1.00
1000,0,46.22,-1.00
1000,0,29.82,-1.00
1000,0,25.65,-1.00
1000,0,45.16,-1.00
1000,0,49.84,-1.00
1000,0,66.20,-1.00
1000,0,34.83,-1.00
1000,0,87.64,-1.00
1000,0,61.26,-1.00
1000,0,143.22,-1.00
1000,0,43.69,-1.00
1000,0,48.01,-1.00
1000,0,38.03,-1.00
1000,0,13.81,-1.00
1000,0,20.67,-1.00
1000,0,64.79,-1.00
1000,0,20.88,-1.00
1000,0,30.91,-1.00
1000,0,74.32,-1.00
1000,0,182.48,-1.00
1000,0,32.57,-1.00
1000,0,42.05,-1.00
1000,0,32.66,-1.00
1000,0,50.71,-1.00
1000,0,20.30,-1.00
1000,0,103.69,-1.00
1000,0,93.53,-1.00
1000,0,39.15,-1.00
1000,0,70.84,-1.00
1000,0,37.70,-1.00
1000,0,36.32,-1.00
1000,0,41.43,-1.00
1000,0,48.50,-1.00
1000,0,25.68,-1.00
1000,0,40.56,-1.00
1000,0,147.53,-1.00
1000,0,69.14,-1.00
1000,0,98.14,-1.00
1000,0,119.96,-1.00
1000,0,26.79,-1.00
1000,0,18.03,-1.00
1000,0,74.93,-1.00
1000,0,48.91,-1.00
1000,0,22.88,-1.00
1000,0,33.46,-1.00
1000,0,47.60,-1.00
1000,0,64.11,-1.00
1000,0,95.56,-1.00
1000,0,83.25,-1.00
1000,0,76.69,-1.00
1000,0,22.63,-1.00
1000,0,53.65,-1.00
1000,0,44.10,-1.00
1000,0,50.58,-1.00
1000,0,35.49,-1.00
1000,0,33.51,-1.00
1000,0,31.67,-1.00
1000,0,32.09,-1.00
1000,0,31.44,-1.00
1000,0,72.73,-1.00
1000,0,70.50,-1.00
1000,0,50.73,-1.00
1000,0,33.39,-1.00
1000,0,43.90,-1.00
1000,0,85.70,-1.00
1000,0,49.86,-1.00
1000,0,28.05,-1.00
1000,0,46.42,-1.00
1000,0,48.77,-1.00
1000,0,28.20,-1.00
1000,0,48.58,-1.00
1000,0,18.67,-1.00
1000,0,61.80,-1.00
1000,0,42.46,-1.00
1000,0,24.73,-1.00
1000,0,22.68,-1.00
1000,0,24.66,-1.00
1000,0,102.18,-1.00
1000,0,53.81,-1.00
1000,0,28.15,-1.00
1000,0,20.13,-1.00
1000,0,69.85,-1.00
1000,0,36.09,-1.00
1000,0,45.69,-1.00
1000,0,86.55,-1.00
1000,0,11.11,-1.00
1000,0,25.24,-1.00
1000,0,77.23,-1.00
1000,0,53.30,-1.00
1000,0,74.41,-1.00
1000,0,60.26,-1.00
1000,0,31.83,-1.00
1000,0,29.21,-1.00
1000,0,82.37,-1.00
1000,0,68.56,-1.00
1000,0,49.78,-1.00
1000,0,22.02,-1.00
1000,0,76.27,-1.00
1000,0,51.99,-1.00
1000,0,32.79,-1.00
1000,0,19.97,-1.00
1000,0,28.42,-1.00
1000,0,31.23,-1.00
1000,0,27.66,-1.00
1000,0,12.82,-1.00
1000,0,43.33,-1.00
1000,0,12.18,-1.00
1000,0,19.61,-1.00
1000,0,14.06,-1.00
1000,0,36.56,-1.00
1000,0,39.27,-1.00
1000,0,32.11,-1.00
1000,0,24.45,-1.00
1000,0,46.99,-1.00
1000,0,13.06,-1.00
1000,0,65.05,-1.00
1000,0,36.49,-1.00
1000,0,29.25,-1.00
1000,0,56.36,-1.00
1000,0,24.94,-1.00
1000,0,36.34,-1.00
1000,0,29.07,-1.00
1000,0,30.85,-1.00
1000,0,60.13,-1.00
1000,0,72.72,-1.00
1000,0,32.68,-1.00
1000,0,67.66,-1.00
1000,0,47.67,-1.00
1000,0,89.75,-1.00
1000,0,37.56,-1.00
1000,0,36.55,-1.00
1000,0,44.61,-1.00
1000,0,41.85,-1.00
1000,0,135.92,-1.00
1000,0,60.39,-1.00
1000,0,18.02,-1.00
1000,0,30.95,-1.00
1000,0,73.57,-1.00
1000,0,42.61,-1.00
1000,0,55.00,-1.00
1000,0,36.95,-1.00
1000,0,52.28,-1.00
1000,0,81.26,-1.00
1000,0,45.16,-1.00
1000,0,42.45,-1.00
1000,0,18.09,-1.00
1000,0,13.06,-1.00
1000,0,75.54,-1.00
1000,0,31.20,-1.00
1000,0,26.25,-1.00
1000,0,17.97,-1.00
1000,0,58.70,-1.00
1000,0,52.04,-1.00
1000,0,63.84,-1.00
1000,0,46.73,-1.00
1000,0,78.22,-1.00
1000,0,26.28,-1.00
1000,0,50.63,-1.00
1000,0,30.93,-1.00
1000,0,31.27,-1.00
1000,0,42.09,-1.00
1000,0,77.98,-1.00
1000,0,83.21,-1.00
1000,0,30.12,-1.00
1000,0,69.16,-1.00
1000,0,27.27,-1.00
1000,0,72.94,-1.00
1000,0,51.24,-1.00
1000,0,36.36,-1.00
1000,0,37.23,-1.00
1000,0,31.80,-1.00
1000,0,38.28,-1.00
1000,0,37.28,-1.00
1000,0,30.78,-1.00
1000,0,29.83,-1.00
1000,0,21.44,-1.00
1000,0,127.69,-1.00
1000,0,31.88,-1.00
1000,0,35.10,-1.00
1000,0,44.83,-1.00
1000,0,27.87,-1.00
1000,0,47.99,-1.00
1000,0,31.47,-1.00
1000,0,141.22,-1.00
1000,0,49.73,-1.00
1000,0,40.29,-1.00
1000,0,65.04,-1.00
1000,0,142.11,-1.00
1000,0,31.10,-1.00
1000,0,97.34,-1.00
1000,0,29.62,-1.00
1000,0,57.73,-1.00
1000,0,83.78,-1.00
1000,0,27.03,-1.00
1000,0,38.53,-1.00
1000,0,47.17,-1.00
1000,0,51.11,-1.00
1000,0,41.87,-1.00
1000,0,17.52,-1.00
1000,0,28.23,-1.00
1000,0,56.27,-1.00
1000,0,39.67,-1.00
1000,0,94.48,-1.00
1000,0,64.97,-1.00
1000,0,26.87,-1.00
1000,0,96.31,-1.00
1000,0,20.79,-1.00
1000,0,51.65,-1.00
1000,0,65.76,-1.00
1000,0,17.65,-1.00
1000,0,75.26,-1.00
1000,0,22.33,-1.00
1000,0,24.09,-1.00
1000,0,40.82,-1.00
1000,0,17.73,-1.00
1000,0,32.01,-1.00
1000,0,43.71,-1.00
1000,0,41.34,-1.00
1000,0,69.83,-1.00
1000,0,42.03,-1.00
1000,0,51.54,-1.00
1000,0,86.48,-1.00
1000,0,30.67,-1.00
1000,0,41.15,-1.00
1000,0,29.29,-1.00
1000,0,33.52,-1.00
1000,0,67.24,-1.00
1000,0,91.48,-1.00
1000,0,26.97,-1.00
1000,0,29.07,-1.00
1000,0,75.64,-1.00
1000,0,63.73,-1.00
1000,0,54.98,-1.00
1000,0,29.20,-1.00
1000,0,35.67,-1.00
1000,0,46.55,-1.00
1000,0,32.42,-1.00
1000,0,63.55,-1.00
1000,0,101.17,-1.00
1000,0,28.04,-1.00
1000,0,25.75,-1.00
1000,0,15.82,-1.00
1000,0,33.45,-1.00
1000,0,93.89,-1.00
1000,0,41.96,-1.00
1000,0,60.49,-1.00
1000,0,23.60,-1.00
1000,0,24.47,-1.00
1000,0,42.56,-1.00
1000,0,29.40,-1.00
1000,0,49.06,-1.00
1000,0,85.73,-1.00
1000,0,32.40,-1.00
1000,0,26.29,-1.00
1000,0,87.24,-1.00
1000,0,55.48,-1.00
1000,0,107.11,-1.00
1000,0,27.04,-1.00
1000,0,52.65,-1.00
1000,0,20.39,-1.00
1000,0,37.96,-1.00
1000,0,52.35,-1.00
1000,0,32.91,-1.00
1000,0,43.31,-1.00
1000,0,131.14,-1.00
1000,0,21.38,-1.00
1000,0,24.26,-1.00
1000,0,28.22,-1.00
1000,0,22.87,-1.00
1000,0,45.51,-1.00
1000,0,23.98,-1.00
1000,0,19.45,-1.00
1000,0,22.56,-1.00
1000,0,73.82,-1.00
1000,0,58.56,-1.00
1000,0,61.76,-1.00
1000,0,111.95,-1.00
1000,0,51.75,-1.00
1000,0,43.17,-1.00
1000,0,63.22,-1.00
1000,0,35.76,-1.00
1000,0,46.41,-1.00
1000,0,34.13,-1.00
1000,0,42.65,-1.00
1000,0,59.72,-1.00
1000,0,41.69,-1.00
1000,0,28.80,-1.00
1000,0,47.63,-1.00
1000,0,60.21,-1.00
1000,0,52.84,-1.00
1000,0,27.60,-1.00
1000,0,22.85,-1.00
1000,0,19.28,-1.00
1000,0,35.84,-1.00
1000,0,28.02,-1.00
1000,0,53.86,-1.00
1000,0,32.90,-1.00
1000,0,51.33,-1.00
1000,0,52.26,-1.00
1000,0,46.47,-1.00
1000,0,16.42,-1.00
1000,0,33.55,-1.00
1000,0,25.42,-1.00
1000,0,38.71,-1.00
1000,0,42.01,-1.00
1000,0,39.99,-1.00
1000,0,37.50,-1.00
1000,0,105.67,-1.00
1000,0,33.84,-1.00
1000,0,54.07,-1.00
1000,0,23.02,-1.00
1000,0,58.87,-1.00
1000,0,29.36,-1.00
1000,0,42.51,-1.00
1000,0,95.22,-1.00
1000,0,81.34,-1.00
1000,0,29.80,-1.00
1000,0,36.63,-1.00
1000,0,87.67,-1.00
1000,0,50.59,-1.00
1000,0,40.64,-1.00
1000,0,42.15,-1.00
1000,0,24.54,-1.00
1000,0,72.35,-1.00
1000,0,64.03,-1.00
1000,0,92.65,-1.00
1000,0,34.27,-1.00
1000,0,72.51,-1.00
1000,0,45.04,-1.00
1000,0,39.21,-1.00
1000,0,86.06,-1.00
1000,0,38.72,-1.00
1000,0,18.65,-1.00
1000,0,59.06,-1.00
1000,0,35.86,-1.00
1000,0,36.66,-1.00
1000,0,38.65,-1.00
1000,0,52.52,-1.00
1000,0,26.20,-1.00
1000,0,41.77,-1.00
1000,0,27.18,-1.00
1000,0,13.72,-1.00
1000,0,174.97,-1.00
1000,0,34.31,-1.00
1000,0,49.28,-1.00
1000,0,20.02,-1.00
1000,0,13.65,-1.00
1000,0,56.80,-1.00
1000,0,27.21,-1.00
1000,0,71.30,-1.00
1000,0,54.72,-1.00
1000,0,40.85,-1.00
1000,0,117.04,-1.00
1000,0,27.18,-1.00
1000,0,25.38,-1.00
1000,0,28.10,-1.00
1000,0,58.36,-1.00
1000,0,37.80,-1.00
1000,0,20.99,-1.00
1000,0,35.69,-1.00
1000,0,41.07,-1.00
1000,0,113.64,-1.00
1000,0,41.64,-1.00
1000,0,17.00,-1.00
1000,0,154.81,-1.00
1000,0,18.09,-1.00
1000,0,63.98,-1.00
1000,0,22.52,-1.00
1000,0,104.28,-1.00
1000,0,30.80,-1.00
1000,0,38.56,-1.00
1000,0,80.96,-1.00
1000,0,53.91,-1.00
1000,0,30.45,-1.00
1000,0,44.69,-1.00
1000,0,82.71,-1.00
1000,0,27.72,-1.00
1000,0,21.28,-1.00
1000,0,36.58,-1.00
1000,0,53.91,-1.00
1000,0,34.68,-1.00
1000,0,61.39,-1.00
1000,0,49.35,-1.00
1000,0,47.52,-1.00
1000,0,43.31,-1.00
1000,0,28.59,-1.00
1000,0,33.98,-1.00
1000,0,37.72,-1.00
1000,0,36.43,-1.00
1000,0,93.10,-1.00
1000,0,19.87,-1.00
1000,0,45.34,-1.00
1000,0,26.92,-1.00
1000,0,26.80,-1.00
1000,0,77.85,-1.00
1000,0,19.70,-1.00
1000,0,40.56,-1.00
1000,0,61.50,-1.00
1000,0,102.02,-1.00
1000,0,25.77,-1.00
1000,0,30.10,-1.00
1000,0,35.42,-1.00
1000,0,56.17,-1.00
1000,0,79.64,-1.00
1000,0,73.56,-1.00
1000,0,57.27,-1.00
1000,0,22.43,-1.00
1000,0,67.35,-1.00
1000,0,35.78,-1.00
1000,0,22.14,-1.00
1000,0,34.81,-1.00
1000,0,22.01,-1.00
1000,0,27.67,-1.00
1000,0,41.46,-1.00
1000,0,76.81,-1.00
1000,0,71.74,-1.00
1000,0,69.91,-1.00
1000,0,26.27,-1.00
1000,0,62.57,-1.00
1000,0,25.12,-1.00
1000,0,62.58,-1.00
1000,0,36.92,-1.00
1000,0,27.58,-1.00
1000,0,32.22,-1.00
1000,0,28.11,-1.00
1000,0,28.08,-1.00
1000,0,62.29,-1.00
1000,0,78.63,-1.00
1000,0,35.91,-1.00
1000,0,47.21,-1.00
1000,0,23.70,-1.00
1000,0,63.89,-1.00
1000,0,66.13,-1.00
1000,0,114.88,-1.00
1000,0,30.23,-1.00
1000,0,20.51,-1.00
1000,0,34.53,-1.00
1000,0,31.95,-1.00
1000,0,38.13,-1.00
1000,0,16.85,-1.00
1000,0,18.45,-1.00
1000,0,36.66,-1.00
1000,0,35.22,-1.00
1000,0,35.54,-1.00
1000,0,24.77,-1.00
1000,0,83.22,-1.00
1000,0,61.07,-1.00
1000,0,69.50,-1.00
1000,0,31.57,-1.00
1000,0,22.58,-1.00
1000,0,41.91,-1.00
1000,0,20.97,-1.00
1000,0,77.49,-1.00
1000,0,24.46,-1.00
1000,0,49.86,-1.00
1000,0,116.65,-1.00
1000,0,64.74,-1.00
1000,0,59.70,-1.00
1000,0,42.31,-1.00
1000,0,28.47,-1.00
1000,0,43.21,-1.00
1000,0,91.68,-1.00
1000,0,38.97,-1.00
1000,0,61.64,-1.00
1000,0,69.20,-1.00
1000,0,23.10,-1.00
1000,0,49.46,-1.00
1000,0,30.45,-1.00
1000,0,35.38,-1.00
1000,0,42.98,-1.00
1000,0,186.73,-1.00
1000,0,45.44,-1.00
1000,0,51.19,-1.00
1000,0,42.67,-1.00
1000,0,113.06,-1.00
1000,0,79.19,-1.00
1000,0,42.70,-1.00
1000,0,41.00,-1.00
1000,0,36.01,-1.00
1000,0,33.81,-1.00
1000,0,57.15,-1.00
1000,0,21.56,-1.00
1000,0,37.67,-1.00
1000,0,23.23,-1.00
1000,0,41.24,-1.00
1000,0,38.35,-1.00
1000,0,48.49,-1.00
1000,0,28.52,-1.00
1000,0,16.12,-1.00
1000,0,31.28,-1.00
1000,0,50.26,-1.00
1000,0,41.69,-1.00
1000,0,35.05,-1.00
1000,0,23.76,-1.00
1000,0,40.75,-1.00
1000,0,25.13,-1.00
1000,0,21.60,-1.00
1000,0,24.00,-1.00
1000,0,24.45,-1.00
1000,0,19.74,-1.00
1000,0,28.84,-1.00
1000,0,84.25,-1.00
1000,0,45.22,-1.00
1000,0,56.92,-1.00
1000,0,38.22,-1.00
1000,0,42.59,-1.00
1000,0,76.88,-1.00
1000,0,26.55,-1.00
1000,0,67.98,-1.00
1000,0,22.90,-1.00
1000,0,47.56,-1.00
1000,0,40.94,-1.00
1000,0,41.98,-1.00
1000,0,65.78,-1.00
1000,0,30.39,-1.00
1000,0,37.62,-1.00
1000,0,32.23,-1.00
1000,0,19.86,-1.00
1000,0,129.58,-1.00
1000,0,41.46,-1.00
1000,0,65.15,-1.00
1000,0,40.91,-1.00
1000,0,72.09,-1.00
1000,0,22.00,-1.00
1000,0,30.86,-1.00
1000,0,66.52,-1.00
1000,0,81.76,-1.00
1000,0,33.28,-1.00
1000,0,43.52,-1.00
1000,0,28.95,-1.00
1000,0,56.84,-1.00
1000,0,15.91,-1.00
1000,0,53.98,-1.00
1000,0,32.76,-1.00
1000,0,65.75,-1.00
1000,0,14.91,-1.00
1000,0,40.19,-1.00
1000,0,20.95,-1.00
1000,0,68.48,-1.00
1000,0,40.08,-1.00
1000,0,21.52,-1.00
1000,0,31.00,-1.00
1000,0,26.41,-1.00
1000,0,32.04,-1.00
1000,0,26.75,-1.00
1000,0,33.18,-1.00
1000,0,75.94,-1.00
1000,0,26.28,-1.00
1000,0,34.77,-1.00
1000,0,57.30,-1.00
1000,0,73.65,-1.00
1000,0,61.78,-1.00
1000,0,47.03,-1.00
1000,0,128.71,-1.00
1000,0,35.03,-1.00
1000,0,61.77,-1.00
1000,0,43.66,-1.00
1000,0,26.14,-1.00
1000,0,33.82,-1.00
1000,0,41.52,-1.00
1000,0,36.24,-1.00
1000,0,21.25,-1.00
1000,0,57.51,-1.00
1000,0,26.22,-1.00
1000,0,117.56,-1.00
1000,0,34.15,-1.00
1000,0,41.68,-1.00
1000,0,29.32,-1.00
1000,0,33.61,-1.00
1000,0,60.74,-1.00
1000,0,19.67,-1.00
1000,0,64.82,-1.00
1000,0,24.43,-1.00
1000,0,23.88,-1.00
1000,0,18.88,-1.00
1000,0,50.91,-1.00
1000,0,37.23,-1.00
1000,0,39.74,-1.00
1000,0,78.58,-1.00
1000,0,23.20,-1.00
1000,0,10.53,-1.00
1000,0,47.01,-1.00
1000,0,123.15,-1.00
1000,0,15.51,-1.00
1000,0,20.00,-1.00
1000,0,32.69,-1.00
1000,0,31.71,-1.00
1000,0,35.03,-1.00
1000,0,30.60,-1.00
1000,0,54.34,-1.00
1000,0,69.13,-1.00
1000,0,54.64,-1.00
1000,0,19.23,-1.00
1000,0,34.45,-1.00
1000,0,23.26,-1.00
1000,0,43.15,-1.00
1000,0,45.70,-1.00
1000,0,69.32,-1.00
1000,0,52.50,-1.00
1000,0,41.18,-1.00
1000,0,24.58,-1.00
1000,0,115.78,-1.00
1000,0,43.88,-1.00
1000,0,18.19,-1.00
1000,0,88.30,-1.00
1000,0,22.91,-1.00
1000,0,40.03,-1.00
1000,0,19.74,-1.00
1000,0,13.93,-1.00
1000,0,20.28,-1.00
1000,0,35.99,-1.00
1000,0,23.50,-1.00
1000,0,53.60,-1.00
1000,0,19.60,-1.00
1000,0,26.30,-1.00
1000,0,28.68,-1.00
1000,0,42.96,-1.00
1000,0,76.61,-1.00
1000,0,30.75,-1.00
1000,0,32.14,-1.00
1000,0,69.24,-1.00
1000,0,33.37,-1.00
1000,0,34.61,-1.00
1000,0,46.43,-1.00
1000,0,27.58,-1.00
1000,0,32.35,-1.00
1000,0,15.00,-1.00
1000,0,30.20,-1.00
1000,0,86.47,-1.00
1000,0,25.50,-1.00
1000,0,30.37,-1.00
1000,0,32.91,-1.00
1000,0,23.37,-1.00
1000,0,36.45,-1.00
1000,0,69.81,-1.00
1000,0,47.31,-1.00
1000,0,36.92,-1.00
1000,0,26.51,-1.00
1000,0,38.94,-1.00
1000,0,25.92,-1.00
1000,0,51.44,-1.00
1000,0,44.21,-1.00
1000,0,77.41,-1.00
1000,0,31.06,-1.00
1000,0,29.32,-1.00
1000,0,50.94,-1.00
1000,0,90.26,-1.00
1000,0,47.64,-1.00
1000,0,21.86,-1.00
1000,0,50.81,-1.00
1000,0,35.27,-1.00
1000,0,35.96,-1.00
1000,0,30.11,-1.00
1000,0,37.11,-1.00
1000,0,55.63,-1.00
1000,0,61.97,-1.00
1000,0,29.73,-1.00
1000,0,80.54,-1.00
1000,0,95.52,-1.00
1000,0,17.88,-1.00
1000,0,26.41,-1.00
1000,0,61.30,-1.00
1000,0,81.46,-1.00
1000,0,63.97,-1.00
1000,0,78.32,-1.00
1000,0,82.13,-1.00
1000,0,20.96,-1.00
1000,0,21.83,-1.00
1000,0,25.42,-1.00
1000,0,28.47,-1.00
1000,0,35.97,-1.00
1000,0,50.70,-1.00
1000,0,24.03,-1.00
1000,0,53.00,-1.00
1000,0,51.66,-1.00
1000,0,26.14,-1.00
1000,0,45.92,-1.00
1000,0,71.94,-1.00
1000,0,20.72,-1.00
1000,0,111.87,-1.00
1000,0,43.00,-1.00
1000,0,16.80,-1.00
1000,0,45.64,-1.00
1000,0,86.91,-1.00
1000,0,16.81,-1.00
1000,0,67.04,-1.00
1000,0,46.44,-1.00
1000,0,35.90,-1.00
1000,0,56.99,-1.00
1000,0,42.65,-1.00
1000,0,128.71,-1.00
1000,0,51.50,-1.00
1000,0,70.77,-1.00
1000,0,19.02,-1.00
1000,0,22.18,-1.00
1000,0,34.55,-1.00
1000,0,38.61,-1.00
1000,0,27.62,-1.00
1000,0,35.62,-1.00
1000,0,32.45,-1.00
1000,0,36.18,-1.00
1000,0,68.35,-1.00
1000,0,29.89,-1.00
1000,0,38.63,-1.00
1000,0,39.99,-1.00
1000,0,46.05,-1.00
1000,0,74.69,-1.00
1000,0,23.43,-1.00
1000,0,59.17,-1.00
1000,0,38.57,-1.00
1000,0,38.52,-1.00
1000,0,50.51,-1.00
1000,0,70.19,-1.00
1000,0,21.26,-1.00
1000,0,15.10,-1.00
1000,0,52.31,-1.00
1000,0,100.36,-1.00
1000,0,32.82,-1.00
1000,0,34.35,-1.00
1000,0,91.65,-1.00
1000,0,36.56,-1.00
1000,0,18.38,-1.00
1000,0,40.64,-1.00
1000,0,57.75,-1.00
1000,0,44.99,-1.00
1000,0,28.43,-1.00
1000,0,16.98,-1.00
1000,0,40.85,-1.00
1000,0,127.01,-1.00
1000,0,40.98,-1.00
1000,0,35.49,-1.00
1000,0,40.38,-1.00
1000,0,53.15,-1.00
1000,0,22.53,-1.00
1000,0,30.83,-1.00
1000,0,17.11,-1.00
1000,0,48.18,-1.00
1000,0,27.84,-1.00
1000,0,40.78,-1.00
1000,0,25.25,-1.00
1000,0,32.42,-1.00
1000,0,40.34,-1.00
1000,0,51.47,-1.00
1000,0,39.71,-1.00
1000,0,70.93,-1.00
1000,0,75.46,-1.00
1000,0,63.62,-1.00
1000,0,62.65,-1.00
1000,0,31.62,-1.00
1000,0,69.22,-1.00
1000,0,41.74,-1.00
1000,0,35.24,-1.00
1000,0,51.39,-1.00
1000,0,72.02,-1.00
1000,0,31.78,-1.00
1000,0,40.75,-1.00
1000,0,16.65,-1.00
1000,0,30.76,-1.00
1000,0,51.94,-1.00
1000,0,29.51,-1.00
1000,0,21.87,-1.00
1000,0,52.88,-1.00
1000,0,63.66,-1.00
1000,0,73.33,-1.00
1000,0,59.83,-1.00
1000,0,41.26,-1.00
1000,0,25.60,-1.00
1000,0,50.02,-1.00
1000,0,25.24,-1.00
1000,0,50.66,-1.00
1000,0,12.77,-1.00
1000,0,18.60,-1.00
1000,0,32.41,-1.00
1000,0,68.45,-1.00
1000,0,119.53,-1.00
1000,0,19.78,-1.00
1000,0,26.52,-1.00
1000,0,26.34,-1.00
1000,0,33.65,-1.00
1000,0,28.87,-1.00
1000,0,23.51,-1.00
1000,0,40.05,-1.00
1000,0,35.01,-1.00
1000,0,83.71,-1.00
1000,0,66.64,-1.00
1000,0,47.40,-1.00
1000,0,47.19,-1.00
1000,0,13.44,-1.00
1000,0,38.48,-1.00
1000,0,39.05,-1.00
1000,0,29.69,-1.00
1000,0,59.37,-1.00
1000,0,31.35,-1.00
1000,0,74.49,-1.00
1000,0,37.32,-1.00
1000,0,54.79,-1.00
1000,0,23.72,-1.00
1000,0,100.68,-1.00
1000,0,69.19,-1.00
1000,0,40.26,-1.00
1000,0,53.57,-1.00
1000,0,34.98,-1.00
1000,0,25.52,-1.00
1000,0,44.78,-1.00
1000,0,26.86,-1.00
1000,0,35.86,-1.00
1000,0,41.29,-1.00
1000,0,28.15,-1.00
1000,0,45.51,-1.00
1000,0,49.07,-1.00
1000,0,19.04,-1.00
1000,0,38.39,-1.00
1000,0,102.61,-1.00
1000,0,27.87,-1.00
1000,0,17.03,-1.00
1000,0,127.25,-1.00
1000,0,62.63,-1.00
1000,0,113.57,-1.00
1000,0,67.20,-1.00
1000,0,29.41,-1.00
1000,0,68.54,-1.00
1000,0,23.04,-1.00
1000,0,77.84,-1.00
1000,0,73.18,-1.00
1000,0,39.07,-1.00
1000,0,22.10,-1.00
1000,0,41.98,-1.00
1000,0,82.75,-1.00
1000,0,23.24,-1.00
1000,0,26.29,-1.00
1000,0,27.84,-1.00
1000,0,32.91,-1.00
1000,0,27.81,-1.00
1000,0,78.64,-1.00
1000,0,40.92,-1.00
1000,0,46.99,-1.00
1000,0,16.78,-1.00
1000,0,19.15,-1.00
1000,0,93.73,-1.00
1000,0,83.18,-1.00
1000,0,78.96,-1.00
1000,0,62.87,-1.00
1000,0,20.34,-1.00
1000,0,32.71,-1.00
1000,0,29.42,-1.00
1000,0,65.39,-1.00
1000,0,44.93,-1.00
1000,0,56.20,-1.00
1000,0,15.40,-1.00
1000,0,41.30,-1.00
1000,0,38.33,-1.00
1000,0,42.08,-1.00
1000,0,43.90,-1.00
1000,0,47.68,-1.00
1000,0,24.84,-1.00
1000,0,39.19,-1.00
1000,0,88.20,-1.00
1000,0,25.17,-1.00
1000,0,90.97,-1.00
1000,0,31.98,-1.00
1000,0,118.96,-1.00
1000,0,42.54,-1.00
1000,0,108.37,-1.00
1000,0,108.47,-1.00
1000,0,37.95,-1.00
1000,0,36.53,-1.00
1000,0,36.56,-1.00
1000,0,61.61,-1.00
1000,0,32.95,-1.00
1000,0,46.38,-1.00
1000,0,26.37,-1.00
1000,0,31.21,-1.00
1000,0,55.43,-1.00
1000,0,64.75,-1.00
1000,0,25.25,-1.00
1000,0,28.94,-1.00
1000,0,66.66,-1.00
1000,0,77.89,-1.00
1000,0,30.50,-1.00
1000,0,71.53,-1.00
1000,0,39.87,-1.00
1000,0,24.51,-1.00
1000,0,29.14,-1.00
1000,0,74.61,-1.00
1000,0,55.43,-1.00
1000,0,39.77,-1.00
1000,0,68.28,-1.00
1000,0,45.51,-1.00
1000,0,40.49,-1.00
1000,0,119.27,-1.00
1000,0,33.23,-1.00
1000,0,40.58,-1.00
1000,0,17.94,-1.00
1000,0,80.97,-1.00
1000,0,34.05,-1.00
1000,0,18.32,-1.00
1000,0,32.49,-1.00
1000,0,18.13,-1.00
1000,0,38.25,-1.00
1000,0,40.63,-1.00
1000,0,94.73,-1.00
1000,0,48.16,-1.00
1000,0,39.90,-1.00
1000,0,28.86,-1.00
1000,0,68.87,-1.00
1000,0,29.56,-1.00
1000,0,59.58,-1.00
1000,0,78.89,-1.00
1000,0,21.91,-1.00
1000,0,28.61,-1.00
1000,0,16.88,-1.00
1000,0,34.02,-1.00
1000,0,28.91,-1.00
1000,0,47.98,-1.00
1000,0,28.27,-1.00
1000,0,77.31,-1.00
1000,0,24.61,-1.00
1000,0,63.18,-1.00
1000,0,50.07,-1.00
1000,0,50.18,-1.00
1000,0,43.50,-1.00
1000,0,22.75,-1.00
1000,0,22.13,-1.00
1000,0,24.12,-1.00
1000,0,46.17,-1.00
1000,0,100.39,-1.00
1000,0,21.35,-1.00
1000,0,16.01,-1.00
1000,0,58.19,-1.00
1000,0,49.18,-1.00
1000,0,133.40,-1.00
1000,0,36.47,-1.00
1000,0,27.44,-1.00
1000,0,104.40,-1.00
1000,0,23.32,-1.00
1000,0,65.98,-1.00
1000,0,64.98,-1.00
1000,0,37.62,-1.00
1000,0,30.44,-1.00
1000,0,21.35,-1.00
1000,0,57.06,-1.00
1000,0,41.78,-1.00
1000,0,29.74,-1.00
1000,0,47.26,-1.00
1000,0,26.09,-1.00
1000,0,64.28,-1.00
1000,0,20.11,-1.00
1000,0,54.97,-1.00
1000,0,31.02,-1.00
1000,0,30.60,-1.00
1000,0,39.96,-1.00
1000,0,43.87,-1.00
1000,0,26.20,-1.00
1000,0,47.33,-1.00
1000,0,58.33,-1.00
1000,0,21.54,-1.00
1000,0,35.45,-1.00
1000,0,22.68,-1.00
1000,0,30.64,-1.00
1000,0,17.19,-1.00
1000,0,53.36,-1.00
1000,0,48.33,-1.00
1000,0,30.68,-1.00
1000,0,46.05,-1.00
1000,0,58.15,-1.00
1000,0,95.90,-1.00
1000,0,51.41,-1.00
1000,0,194.65,-1.00
1000,0,43.15,-1.00
1000,0,30.24,-1.00
1000,0,33.35,-1.00
1000,0,38.58,-1.00
1000,0,42.19,-1.00
1000,0,21.92,-1.00
1000,0,29.15,-1.00
1000,0,49.97,-1.00
1000,0,49.98,-1.00
1000,0,63.16,-1.00
1000,0,44.20,-1.00
1000,0,24.18,-1.00
1000,0,38.79,-1.00
1000,0,39.17,-1.00
1000,0,40.43,-1.00
1000,0,26.86,-1.00
1000,0,62.14,-1.00
1000,0,31.06,-1.00
1000,0,27.76,-1.00
1000,0,32.43,-1.00
1000,0,25.64,-1.00
1000,0,43.11,-1.00
1000,0,20.75,-1.00
1000,0,25.00,-1.00
1000,0,38.15,-1.00
1000,0,26.78,-1.00
1000,0,50.90,-1.00
1000,0,30.03,-1.00
1000,0,41.67,-1.00
1000,0,29.61,-1.00
1000,0,52.77,-1.00
1000,0,25.82,-1.00
1000,0,57.69,-1.00
1000,0,30.18,-1.00
1000,0,72.23,-1.00
1000,0,18.73,-1.00
1000,0,32.62,-1.00
1000,0,30.04,-1.00
1000,0,32.34,-1.00
1000,0,25.72,-1.00
1000,0,45.07,-1.00
1000,0,50.20,-1.00
1000,0,40.48,-1.00
1000,0,64.63,-1.00
1000,0,16.93,-1.00
1000,0,47.50,-1.00
1000,0,51.54,-1.00
1000,0,40.08,-1.00
1000,0,23.40,-1.00
1000,0,58.22,-1.00
1000,0,50.55,-1.00
1000,0,48.26,-1.00
1000,0,25.78,-1.00
1000,0,18.89,-1.00
1000,0,20.59,-1.00
1000,0,34.65,-1.00
1000,0,33.75,-1.00
1000,0,46.69,-1.00
1000,0,94.00,-1.00
989,11,204.30,189.73
1000,0,65.43,-1.00
1000,0,33.54,-1.00
1000,0,27.84,-1.00
1000,0,58.03,-1.00
1000,0,33.17,-1.00
1000,0,61.17,-1.00
1000,0,20.36,-1.00
1000,0,51.22,-1.00
1000,0,85.00,-1.00
1000,0,40.49,-1.00
1000,0,78.11,-1.00
1000,0,47.35,-1.00
1000,0,34.29,-1.00
1000,0,31.66,-1.00
1000,0,54.12,-1.00
1000,0,45.03,-1.00
1000,0,47.51,-1.00
1000,0,33.46,-1.00
1000,0,22.72,-1.00
1000,0,38.15,-1.00
1000,0,45.12,-1.00
1000,0,16.28,-1.00
1000,0,17.40,-1.00
1000,0,29.58,-1.00
1000,0,20.47,-1.00
1000,0,41.10,-1.00
1000,0,63.75,-1.00
1000,0,90.39,-1.00
1000,0,18.03,-1.00
1000,0,44.57,-1.00
1000,0,21.10,-1.00
1000,0,40.72,-1.00
1000,0,24.96,-1.00
1000,0,25.35,-1.00
1000,0,32.57,-1.00
1000,0,40.28,-1.00
1000,0,32.49,-1.00
1000,0,19.78,-1.00
1000,0,27.87,-1.00
1000,0,43.38,-1.00
1000,0,53.04,-1.00
1000,0,17.33,-1.00
1000,0,37.93,-1.00
1000,0,82.46,-1.00
1000,0,26.68,-1.00
1000,0,57.60,-1.00
1000,0,36.72,-1.00
1000,0,32.05,-1.00
1000,0,53.81,-1.00
1000,0,23.50,-1.00
1000,0,25.72,-1.00
1000,0,31.65,-1.00
1000,0,45.09,-1.00
1000,0,61.38,-1.00
1000,0,50.44,-1.00
1000,0,30.46,-1.00
1000,0,34.56,-1.00
1000,0,28.79,-1.00
1000,0,55.98,-1.00
1000,0,76.54,-1.00
1000,0,141.21,-1.00
1000,0,79.23,-1.00
1000,0,56.50,-1.00
1000,0,62.13,-1.00
1000,0,85.29,-1.00
1000,0,108.30,-1.00
1000,0,50.61,-1.00
1000,0,22.54,-1.00
1000,0,27.19,-1.00
1000,0,70.78,-1.00
1000,0,49.24,-1.00
1000,0,35.79,-1.00
1000,0,33.63,-1.00
1000,0,98.24,-1.00
1000,0,40.90,-1.00
1000,0,53.63,-1.00
1000,0,30.55,-1.00
1000,0,24.58,-1.00
1000,0,63.12,-1.00
1000,0,46.59,-1.00
1000,0,30.90,-1.00
1000,0,37.80,-1.00
1000,0,14.39,-1.00
1000,0,56.34,-1.00
1000,0,52.78,-1.00
1000,0,90.46,-1.00
1000,0,36.14,-1.00
1000,0,25.84,-1.00
1000,0,35.35,-1.00
1000,0,20.79,-1.00
1000,0,88.07,-1.00
1000,0,32.69,-1.00
1000,0,47.43,-1.00
1000,0,51.27,-1.00
1000,0,22.17,-1.00
1000,0,30.77,-1.00
1000,0,30.20,-1.00
1000,0,59.41,-1.00
1000,0,25.76,-1.00
1000,0,73.21,-1.00
1000,0,45.28,-1.00
1000,0,22.96,-1.00
1000,0,29.58,-1.00
1000,0,63.92,-1.00
1000,0,17.05,-1.00
1000,0,81.22,-1.00
1000,0,23.54,-1.00
1000,0,64.32,-1.00
1000,0,55.93,-1.00
1000,0,22.64,-1.00
1000,0,51.85,-1.00
1000,0,33.77,-1.00
1000,0,38.01,-1.00
1000,0,61.79,-1.00
1000,0,32.58,-1.00
1000,0,50.26,-1.00
1000,0,62.87,-1.00
1000,0,58.20,-1.00
1000,0,22.00,-1.00
1000,0,24.98,-1.00
1000,0,20.16,-1.00
1000,0,25.23,-1.00
1000,0,93.79,-1.00
1000,0,16.42,-1.00
1000,0,25.93,-1.00
1000,0,31.56,-1.00
1000,0,18.25,-1.00
1000,0,23.51,-1.00
1000,0,15.14,-1.00
1000,0,28.15,-1.00
1000,0,22.10,-1.00
1000,0,13.80,-1.00
1000,0,79.73,-1.00
1000,0,27.58,-1.00
1000,0,42.85,-1.00
1000,0,21.24,-1.00
1000,0,95.61,-1.00
1000,0,78.10,-1.00
1000,0,36.42,-1.00
1000,0,26.16,-1.00
1000,0,28.98,-1.00
1000,0,31.83,-1.00
1000,0,87.06,-1.00
1000,0,27.84,-1.00
1000,0,22.90,-1.00
1000,0,34.51,-1.00
1000,0,50.05,-1.00
1000,0,26.95,-1.00
1000,0,83.94,-1.00
1000,0,28.49,-1.00
1000,0,49.38,-1.00
1000,0,40.06,-1.00
1000,0,34.94,-1.00
1000,0,39.33,-1.00
1000,0,94.25,-1.00
1000,0,20.31,-1.00
1000,0,43.85,-1.00
1000,0,44.02,-1.00
1000,0,60.72,-1.00
1000,0,27.86,-1.00
1000,0,80.26,-1.00
1000,0,25.67,-1.00
1000,0,37.17,-1.00
1000,0,40.54,-1.00
1000,0,37.60,-1.00
1000,0,46.52,-1.00
1000,0,124.40,-1.00
1000,0,42.59,-1.00
1000,0,26.68,-1.00
1000,0,30.14,-1.00
1000,0,42.21,-1.00
1000,0,24.19,-1.00
1000,0,86.08,-1.00
1000,0,38.63,-1.00
1000,0,120.22,-1.00
1000,0,31.85,-1.00
1000,0,26.72,-1.00
1000,0,66.33,-1.00
1000,0,27.77,-1.00
1000,0,53.48,-1.00
1000,0,57.55,-1.00
1000,0,39.26,-1.00
1000,0,29.30,-1.00
1000,0,50.36,-1.00
1000,0,17.44,-1.00
1000,0,34.37,-1.00
1000,0,123.02,-1.00
1000,0,26.52,-1.00
1000,0,36.97,-1.00
1000,0,66.19,-1.00
1000,0,39.37,-1.00
1000,0,141.51,-1.00
1000,0,49.27,-1.00
1000,0,37.66,-1.00
1000,0,37.77,-1.00
1000,0,29.58,-1.00
1000,0,47.00,-1.00
1000,0,35.40,-1.00
1000,0,41.81,-1.00
1000,0,52.82,-1.00
1000,0,38.29,-1.00
1000,0,78.50,-1.00
1000,0,58.03,-1.00
1000,0,28.55,-1.00
1000,0,23.26,-1.00
1000,0,36.54,-1.00
1000,0,40.03,-1.00
1000,0,20.40,-1.00
1000,0,41.05,-1.00
1000,0,48.32,-1.00
1000,0,18.15,-1.00
1000,0,26.26,-1.00
1000,0,43.47,-1.00
1000,0,67.00,-1.00
1000,0,78.83,-1.00
1000,0,21.63,-1.00
1000,0,45.91,-1.00
1000,0,42.42,-1.00
1000,0,49.84,-1.00
1000,0,54.58,-1.00
1000,0,18.86,-1.00
1000,0,27.50,-1.00
1000,0,25.79,-1.00
1000,0,34.17,-1.00
1000,0,49.98,-1.00
1000,0,36.25,-1.00
1000,0,27.50,-1.00
1000,0,37.32,-1.00
1000,0,41.80,-1.00
1000,0,19.35,-1.00
1000,0,29.12,-1.00
1000,0,33.09,-1.00
1000,0,50.08,-1.00
1000,0,33.13,-1.00
1000,0,35.42,-1.00
1000,0,47.97,-1.00
1000,0,59.29,-1.00
1000,0,27.18,-1.00
1000,0,70.58,-1.00
1000,0,40.92,-1.00
1000,0,58.81,-1.00
1000,0,33.20,-1.00
1000,0,83.58,-1.00
1000,0,21.44,-1.00
1000,0,22.27,-1.00
1000,0,44.83,-1.00
1000,0,49.53,-1.00
1000,0,42.00,-1.00
1000,0,27.41,-1.00
1000,0,49.89,-1.00
1000,0,45.39,-1.00
1000,0,46.13,-1.00
1000,0,23.73,-1.00
1000,0,67.68,-1.00
1000,0,50.47,-1.00
1000,0,91.49,-1.00
1000,0,33.01,-1.00
1000,0,68.96,-1.00
1000,0,53.10,-1.00
1000,0,52.03,-1.00
1000,0,43.75,-1.00
1000,0,112.79,-1.00
1000,0,29.69,-1.00
1000,0,31.45,-1.00
1000,0,43.79,-1.00
1000,0,58.44,-1.00
1000,0,48.86,-1.00
1000,0,22.95,-1.00
1000,0,84.33,-1.00
1000,0,44.26,-1.00
1000,0,88.51,-1.00
1000,0,29.26,-1.00
1000,0,23.50,-1.00
1000,0,42.44,-1.00
1000,0,61.00,-1.00
1000,0,23.59,-1.00
1000,0,64.46,-1.00
1000,0,104.90,-1.00
1000,0,103.10,-1.00
1000,0,44.59,-1.00
1000,0,46.17,-1.00
1000,0,23.75,-1.00
1000,0,24.55,-1.00
1000,0,31.09,-1.00
1000,0,28.97,-1.00
1000,0,62.08,-1.00
1000,0,35.76,-1.00
1000,0,43.98,-1.00
1000,0,23.52,-1.00
1000,0,29.35,-1.00
1000,0,43.02,-1.00
1000,0,40.31,-1.00
1000,0,27.77,-1.00
1000,0,11.35,-1.00
1000,0,49.88,-1.00
1000,0,26.90,-1.00
1000,0,27.11,-1.00
1000,0,27.52,-1.00
1000,0,31.83,-1.00
1000,0,51.87,-1.00
1000,0,70.84,-1.00
1000,0,25.86,-1.00
1000,0,37.61,-1.00
1000,0,66.85,-1.00
1000,0,36.08,-1.00
1000,0,31.88,-1.00
1000,0,14.41,-1.00
1000,0,29.40,-1.00
1000,0,38.04,-1.00
1000,0,28.65,-1.00
1000,0,99.55,-1.00
1000,0,53.90,-1.00
1000,0,57.14,-1.00
1000,0,60.02,-1.00
1000,0,66.90,-1.00
1000,0,60.82,-1.00
1000,0,19.59,-1.00
1000,0,19.64,-1.00
1000,0,25.81,-1.00
1000,0,18.02,-1.00
1000,0,40.06,-1.00
1000,0,22.00,-1.00
1000,0,30.99,-1.00
1000,0,31.55,-1.00
1000,0,50.29,-1.00
1000,0,54.64,-1.00
1000,0,26.09,-1.00
1000,0,27.54,-1.00
1000,0,33.83,-1.00
1000,0,45.66,-1.00
1000,0,39.09,-1.00
1000,0,89.79,-1.00
1000,0,79.33,-1.00
1000,0,58.74,-1.00
1000,0,33.04,-1.00
1000,0,25.93,-1.00
1000,0,39.33,-1.00
1000,0,30.96,-1.00
1000,0,50.78,-1.00
1000,0,32.37,-1.00
1000,0,40.02,-1.00
1000,0,27.55,-1.00
1000,0,23.94,-1.00
1000,0,29.29,-1.00
1000,0,76.33,-1.00
1000,0,33.35,-1.00
1000,0,26.47,-1.00
1000,0,36.89,-1.00
1000,0,67.03,-1.00
1000,0,27.28,-1.00
1000,0,29.66,-1.00
1000,0,66.12,-1.00
1000,0,35.25,-1.00
1000,0,27.57,-1.00
1000,0,27.23,-1.00
1000,0,50.89,-1.00
1000,0,19.67,-1.00
1000,0,41.30,-1.00
1000,0,24.26,-1.00
1000,0,31.05,-1.00
1000,0,63.86,-1.00
1000,0,36.37,-1.00
1000,0,53.44,-1.00
1000,0,113.51,-1.00
1000,0,42.83,-1.00
1000,0,23.57,-1.00
1000,0,33.37,-1.00
1000,0,40.18,-1.00
1000,0,30.74,-1.00
1000,0,18.68,-1.00
1000,0,17.26,-1.00
1000,0,19.32,-1.00
1000,0,30.99,-1.00
1000,0,23.97,-1.00
1000,0,87.45,-1.00
1000,0,19.56,-1.00
1000,0,29.04,-1.00
1000,0,48.60,-1.00
1000,0,66.05,-1.00
1000,0,24.63,-1.00
1000,0,37.92,-1.00
1000,0,14.73,-1.00
1000,0,57.17,-1.00
1000,0,93.85,-1.00
1000,0,37.38,-1.00
1000,0,74.94,-1.00
1000,0,29.30,-1.00
1000,0,57.95,-1.00
1000,0,40.99,-1.00
1000,0,86.36,-1.00
1000,0,17.95,-1.00
1000,0,42.19,-1.00
1000,0,25.74,-1.00
1000,0,63.33,-1.00
1000,0,49.82,-1.00
1000,0,28.21,-1.00
1000,0,35.45,-1.00
1000,0,32.41,-1.00
1000,0,36.96,-1.00
1000,0,30.55,-1.00
1000,0,25.75,-1.00
1000,0,50.22,-1.00
1000,0,38.06,-1.00
1000,0,37.57,-1.00
1000,0,33.14,-1.00
1000,0,42.72,-1.00
1000,0,45.50,-1.00
1000,0,32.98,-1.00
1000,0,28.26,-1.00
1000,0,37.91,-1.00
1000,0,51.91,-1.00
