pop1,pop2,k1,k2
1000,0,26.30,-1.00
1000,0,17.86,-1.00
1000,0,19.27,-1.00
1000,0,18.87,-1.00
0,1000,-1.00,24.11
0,1000,-1.00,32.20
1000,0,15.48,-1.00
1000,0,18.78,-1.00
1000,0,16.24,-1.00
1000,0,18.77,-1.00
0,1000,-1.00,19.38
1000,0,30.23,-1.00
1000,0,21.42,-1.00
1000,0,27.49,-1.00
1000,0,28.46,-1.00
1000,0,33.81,-1.00
1000,0,29.25,-1.00
1000,0,17.76,-1.00
1000,0,22.09,-1.00
1000,0,27.22,-1.00
1000,0,22.57,-1.00
0,1000,-1.00,21.32
1000,0,18.29,-1.00
1000,0,16.47,-1.00
1000,0,25.49,-1.00
1000,0,17.26,-1.00
1000,0,14.85,-1.00
1000,0,18.38,-1.00
0,1000,-1.00,18.23
0,1000,-1.00,15.19
0,1000,-1.00,18.50
1000,0,20.49,-1.00
0,1000,-1.00,23.06
0,1000,-1.00,21.43
0,1000,-1.00,34.65
0,1000,-1.00,30.03
1000,0,23.44,-1.00
1000,0,14.81,-1.00
1000,0,21.28,-1.00
1000,0,18.00,-1.00
0,1000,-1.00,20.24
1000,0,22.97,-1.00
0,1000,-1.00,27.25
1000,0,17.46,-1.00
1000,0,18.43,-1.00
0,1000,-1.00,25.67
1000,0,30.23,-1.00
1000,0,17.39,-1.00
1000,0,18.79,-1.00
1000,0,15.01,-1.00
0,1000,-1.00,25.06
1000,0,19.33,-1.00
1000,0,15.56,-1.00
0,1000,-1.00,25.86
0,1000,-1.00,21.12
1000,0,22.36,-1.00
1000,0,21.82,-1.00
1000,0,20.64,-1.00
1000,0,15.31,-1.00
1000,0,15.82,-1.00
1000,0,18.94,-1.00
1000,0,18.91,-1.00
1000,0,17.44,-1.00
1000,0,17.49,-1.00
1000,0,20.91,-1.00
1000,0,18.54,-1.00
1000,0,20.76,-1.00
1000,0,24.55,-1.00
1000,0,33.41,-1.00
1000,0,16.61,-1.00
0,1000,-1.00,21.83
1000,0,32.82,-1.00
0,1000,-1.00,23.18
1000,0,18.77,-1.00
1000,0,30.70,-1.00
1000,0,16.15,-1.00
1000,0,19.21,-1.00
1000,0,17.06,-1.00
0,1000,-1.00,29.26
0,1000,-1.00,31.19
0,1000,-1.00,20.85
1000,0,20.95,-1.00
1000,0,18.59,-1.00
1000,0,15.02,-1.00
1000,0,14.63,-1.00
1000,0,22.29,-1.00
0,1000,-1.00,26.75
1000,0,18.37,-1.00
1000,0,20.98,-1.00
1000,0,14.73,-1.00
0,1000,-1.00,16.44
1000,0,22.79,-1.00
1000,0,26.45,-1.00
1000,0,28.66,-1.00
0,1000,-1.00,21.35
0,1000,-1.00,21.26
1000,0,26.18,-1.00
1000,0,18.57,-1.00
0,1000,-1.00,21.46
1000,0,17.19,-1.00
0,1000,-1.00,26.09
1000,0,19.40,-1.00
1000,0,29.18,-1.00
1000,0,17.67,-1.00
0,1000,-1.00,29.19
1000,0,21.76,-1.00
1000,0,21.06,-1.00
1000,0,18.34,-1.00
0,1000,-1.00,17.04
0,1000,-1.00,18.59
1000,0,39.64,-1.00
1000,0,12.64,-1.00
1000,0,20.36,-1.00
0,1000,-1.00,25.02
1000,0,14.76,-1.00
1000,0,21.43,-1.00
1000,0,20.51,-1.00
0,1000,-1.00,22.21
1000,0,19.78,-1.00
1000,0,34.52,-1.00
1000,0,17.44,-1.00
1000,0,28.31,-1.00
1000,0,19.49,-1.00
1000,0,25.24,-1.00
1000,0,22.38,-1.00
1000,0,22.56,-1.00
1000,0,21.31,-1.00
1000,0,17.54,-1.00
1000,0,14.78,-1.00
1000,0,19.12,-1.00
1000,0,23.54,-1.00
0,1000,-1.00,36.14
1000,0,23.92,-1.00
1000,0,19.76,-1.00
1000,0,18.14,-1.00
0,1000,-1.00,42.87
0,1000,-1.00,26.45
1000,0,14.97,-1.00
0,1000,-1.00,23.33
0,1000,-1.00,18.21
1000,0,22.30,-1.00
1000,0,16.06,-1.00
1000,0,20.24,-1.00
0,1000,-1.00,15.44
1000,0,17.80,-1.00
1000,0,28.54,-1.00
1000,0,16.41,-1.00
1000,0,32.12,-1.00
0,1000,-1.00,21.08
1000,0,19.09,-1.00
1000,0,13.84,-1.00
0,1000,-1.00,30.20
1000,0,23.66,-1.00
0,1000,-1.00,23.75
1000,0,25.14,-1.00
1000,0,13.63,-1.00
1000,0,35.01,-1.00
1000,0,19.19,-1.00
1000,0,19.65,-1.00
0,1000,-1.00,30.87
1000,0,13.40,-1.00
1000,0,18.41,-1.00
1000,0,18.25,-1.00
1000,0,19.67,-1.00
1000,0,20.61,-1.00
0,1000,-1.00,20.65
1000,0,16.17,-1.00
0,1000,-1.00,20.85
1000,0,17.18,-1.00
1000,0,14.97,-1.00
1000,0,19.05,-1.00
1000,0,14.91,-1.00
1000,0,28.63,-1.00
1000,0,20.55,-1.00
0,1000,-1.00,20.22
1000,0,30.35,-1.00
1000,0,16.67,-1.00
1000,0,31.57,-1.00
0,1000,-1.00,33.41
1000,0,24.38,-1.00
1000,0,21.24,-1.00
1000,0,31.73,-1.00
0,1000,-1.00,31.38
1000,0,24.15,-1.00
1000,0,19.19,-1.00
1000,0,24.90,-1.00
1000,0,16.17,-1.00
1000,0,20.28,-1.00
1000,0,24.17,-1.00
1000,0,17.77,-1.00
1000,0,20.07,-1.00
1000,0,26.15,-1.00
1000,0,22.08,-1.00
1000,0,24.94,-1.00
0,1000,-1.00,17.31
1000,0,21.65,-1.00
1000,0,19.30,-1.00
0,1000,-1.00,22.36
1000,0,20.48,-1.00
0,1000,-1.00,14.47
1000,0,16.17,-1.00
0,1000,-1.00,23.95
0,1000,-1.00,25.02
1000,0,33.39,-1.00
1000,0,19.15,-1.00
0,1000,-1.00,24.95
1000,0,18.64,-1.00
1000,0,26.01,-1.00
0,1000,-1.00,18.92
0,1000,-1.00,25.09
0,1000,-1.00,21.57
1000,0,32.55,-1.00
1000,0,21.73,-1.00
1000,0,18.37,-1.00
1000,0,17.42,-1.00
1000,0,16.36,-1.00
0,1000,-1.00,44.06
0,1000,-1.00,23.19
1000,0,29.87,-1.00
1000,0,21.37,-1.00
1000,0,19.35,-1.00
1000,0,33.21,-1.00
1000,0,20.27,-1.00
0,1000,-1.00,17.25
0,1000,-1.00,22.38
1000,0,20.09,-1.00
1000,0,31.31,-1.00
0,1000,-1.00,19.78
0,1000,-1.00,21.75
1000,0,20.80,-1.00
1000,0,18.58,-1.00
1000,0,21.16,-1.00
1000,0,22.06,-1.00
1000,0,14.38,-1.00
1000,0,36.34,-1.00
1000,0,36.47,-1.00
0,1000,-1.00,26.88
1000,0,18.91,-1.00
1000,0,28.58,-1.00
1000,0,15.12,-1.00
1000,0,30.25,-1.00
1000,0,18.62,-1.00
1000,0,20.69,-1.00
1000,0,20.67,-1.00
1000,0,27.11,-1.00
1000,0,18.89,-1.00
1000,0,32.12,-1.00
0,1000,-1.00,21.82
0,1000,-1.00,36.78
1000,0,14.38,-1.00
1000,0,24.70,-1.00
1000,0,23.64,-1.00
1000,0,14.64,-1.00
1000,0,13.59,-1.00
1000,0,15.32,-1.00
0,1000,-1.00,21.54
1000,0,27.02,-1.00
1000,0,20.64,-1.00
1000,0,18.57,-1.00
1000,0,12.67,-1.00
0,1000,-1.00,30.26
0,1000,-1.00,18.22
1000,0,15.62,-1.00
1000,0,24.66,-1.00
1000,0,27.29,-1.00
1000,0,16.22,-1.00
1000,0,21.29,-1.00
0,1000,-1.00,20.57
1000,0,27.23,-1.00
0,1000,-1.00,30.33
1000,0,24.48,-1.00
1000,0,22.72,-1.00
1000,0,21.22,-1.00
0,1000,-1.00,31.58
1000,0,15.74,-1.00
1000,0,20.69,-1.00
1000,0,17.95,-1.00
1000,0,15.83,-1.00
1000,0,18.68,-1.00
1000,0,14.44,-1.00
1000,0,17.69,-1.00
1000,0,33.15,-1.00
1000,0,21.83,-1.00
0,1000,-1.00,19.08
1000,0,19.98,-1.00
1000,0,16.84,-1.00
1000,0,13.78,-1.00
1000,0,19.70,-1.00
0,1000,-1.00,21.38
1000,0,19.10,-1.00
1000,0,19.72,-1.00
0,1000,-1.00,18.58
0,1000,-1.00,25.90
0,1000,-1.00,24.09
1000,0,21.36,-1.00
1000,0,23.91,-1.00
1000,0,24.62,-1.00
0,1000,-1.00,23.58
0,1000,-1.00,42.89
0,1000,-1.00,20.83
1000,0,24.29,-1.00
1000,0,22.19,-1.00
1000,0,21.08,-1.00
1000,0,19.66,-1.00
1000,0,20.09,-1.00
1000,0,19.75,-1.00
0,1000,-1.00,24.00
0,1000,-1.00,28.62
1000,0,13.51,-1.00
1000,0,15.92,-1.00
1000,0,25.97,-1.00
1000,0,31.77,-1.00
1000,0,17.15,-1.00
0,1000,-1.00,27.71
0,1000,-1.00,31.03
1000,0,18.36,-1.00
1000,0,17.11,-1.00
1000,0,20.41,-1.00
1000,0,25.00,-1.00
1000,0,16.39,-1.00
0,1000,-1.00,24.99
1000,0,22.46,-1.00
0,1000,-1.00,21.28
1000,0,22.09,-1.00
1000,0,17.88,-1.00
1000,0,16.72,-1.00
0,1000,-1.00,14.61
1000,0,17.41,-1.00
0,1000,-1.00,22.75
0,1000,-1.00,17.58
0,1000,-1.00,26.76
1000,0,15.27,-1.00
1000,0,15.54,-1.00
1000,0,23.28,-1.00
1000,0,16.85,-1.00
1000,0,19.90,-1.00
1000,0,17.00,-1.00
1000,0,14.98,-1.00
0,1000,-1.00,30.53
1000,0,17.60,-1.00
0,1000,-1.00,27.24
0,1000,-1.00,17.48
1000,0,15.75,-1.00
1000,0,22.92,-1.00
1000,0,16.36,-1.00
1000,0,29.27,-1.00
0,1000,-1.00,22.08
0,1000,-1.00,24.81
1000,0,15.18,-1.00
1000,0,17.29,-1.00
1000,0,22.24,-1.00
1000,0,19.34,-1.00
0,1000,-1.00,26.80
1000,0,30.97,-1.00
1000,0,29.89,-1.00
1000,0,19.58,-1.00
1000,0,19.94,-1.00
1000,0,18.78,-1.00
0,1000,-1.00,34.26
1000,0,14.21,-1.00
0,1000,-1.00,20.09
0,1000,-1.00,19.95
1000,0,19.09,-1.00
0,1000,-1.00,20.96
0,1000,-1.00,22.54
1000,0,18.24,-1.00
1000,0,65.63,-1.00
1000,0,16.70,-1.00
1000,0,22.77,-1.00
1000,0,22.68,-1.00
0,1000,-1.00,39.64
1000,0,16.79,-1.00
0,1000,-1.00,27.98
1000,0,18.65,-1.00
1000,0,17.43,-1.00
1000,0,21.71,-1.00
1000,0,21.44,-1.00
1000,0,25.65,-1.00
0,1000,-1.00,20.96
1000,0,17.32,-1.00
1000,0,22.82,-1.00
0,1000,-1.00,26.67
1000,0,16.57,-1.00
1000,0,21.80,-1.00
0,1000,-1.00,19.99
1000,0,18.73,-1.00
0,1000,-1.00,20.75
1000,0,23.98,-1.00
1000,0,19.93,-1.00
1000,0,26.35,-1.00
1000,0,28.03,-1.00
0,1000,-1.00,21.14
1000,0,28.97,-1.00
0,1000,-1.00,26.57
1000,0,19.45,-1.00
1000,0,15.30,-1.00
0,1000,-1.00,19.80
1000,0,33.38,-1.00
1000,0,25.71,-1.00
1000,0,17.96,-1.00
1000,0,17.99,-1.00
1000,0,11.78,-1.00
1000,0,14.21,-1.00
1000,0,20.31,-1.00
1000,0,15.63,-1.00
1000,0,22.08,-1.00
1000,0,17.30,-1.00
0,1000,-1.00,19.05
0,1000,-1.00,28.58
1000,0,24.23,-1.00
1000,0,17.11,-1.00
1000,0,17.47,-1.00
1000,0,25.06,-1.00
1000,0,27.50,-1.00
1000,0,16.73,-1.00
1000,0,23.40,-1.00
1000,0,23.80,-1.00
1000,0,20.75,-1.00
1000,0,16.44,-1.00
1000,0,22.67,-1.00
0,1000,-1.00,24.76
1000,0,17.43,-1.00
1000,0,15.72,-1.00
1000,0,23.26,-1.00
0,1000,-1.00,18.69
1000,0,23.31,-1.00
0,1000,-1.00,33.93
0,1000,-1.00,25.77
0,1000,-1.00,37.56
1000,0,12.77,-1.00
1000,0,18.97,-1.00
1000,0,23.24,-1.00
1000,0,22.75,-1.00
0,1000,-1.00,19.42
0,1000,-1.00,20.25
1000,0,22.78,-1.00
1000,0,15.32,-1.00
1000,0,17.57,-1.00
1000,0,18.15,-1.00
1000,0,25.61,-1.00
1000,0,13.72,-1.00
0,1000,-1.00,33.96
1000,0,14.81,-1.00
0,1000,-1.00,26.47
1000,0,17.59,-1.00
1000,0,17.39,-1.00
1000,0,16.73,-1.00
1000,0,16.84,-1.00
1000,0,21.34,-1.00
0,1000,-1.00,20.94
1000,0,31.76,-1.00
1000,0,16.04,-1.00
0,1000,-1.00,15.70
1000,0,17.41,-1.00
1000,0,15.55,-1.00
1000,0,16.99,-1.00
1000,0,15.91,-1.00
1000,0,30.20,-1.00
1000,0,16.40,-1.00
0,1000,-1.00,39.45
0,1000,-1.00,16.86
0,1000,-1.00,21.15
1000,0,20.11,-1.00
1000,0,32.88,-1.00
1000,0,25.48,-1.00
1000,0,22.20,-1.00
1000,0,31.05,-1.00
1000,0,26.50,-1.00
1000,0,17.58,-1.00
1000,0,27.89,-1.00
1000,0,13.42,-1.00
1000,0,13.91,-1.00
0,1000,-1.00,34.71
1000,0,16.91,-1.00
1000,0,18.96,-1.00
1000,0,26.64,-1.00
1000,0,35.34,-1.00
1000,0,16.11,-1.00
1000,0,21.67,-1.00
1000,0,23.97,-1.00
0,1000,-1.00,24.95
0,1000,-1.00,19.96
1000,0,19.13,-1.00
1000,0,12.18,-1.00
0,1000,-1.00,19.41
0,1000,-1.00,22.02
1000,0,23.07,-1.00
0,1000,-1.00,17.50
1000,0,21.64,-1.00
1000,0,24.84,-1.00
1000,0,22.65,-1.00
0,1000,-1.00,19.06
0,1000,-1.00,28.00
1000,0,20.12,-1.00
1000,0,29.20,-1.00
1000,0,28.64,-1.00
0,1000,-1.00,16.03
1000,0,18.02,-1.00
1000,0,21.17,-1.00
1000,0,15.60,-1.00
1000,0,16.74,-1.00
0,1000,-1.00,19.42
1000,0,32.32,-1.00
1000,0,16.95,-1.00
1000,0,17.22,-1.00
1000,0,23.98,-1.00
1000,0,21.25,-1.00
0,1000,-1.00,17.23
1000,0,17.14,-1.00
1000,0,26.16,-1.00
1000,0,15.10,-1.00
1000,0,33.13,-1.00
1000,0,23.78,-1.00
1000,0,21.78,-1.00
1000,0,18.75,-1.00
1000,0,22.44,-1.00
0,1000,-1.00,29.49
1000,0,17.89,-1.00
1000,0,34.49,-1.00
1000,0,16.42,-1.00
1000,0,18.45,-1.00
1000,0,20.57,-1.00
0,1000,-1.00,17.34
1000,0,17.67,-1.00
1000,0,16.79,-1.00
1000,0,12.49,-1.00
1000,0,22.86,-1.00
0,1000,-1.00,33.58
1000,0,22.72,-1.00
1000,0,21.33,-1.00
1000,0,23.67,-1.00
1000,0,19.29,-1.00
0,1000,-1.00,18.35
1000,0,30.09,-1.00
1000,0,24.19,-1.00
0,1000,-1.00,39.25
1000,0,21.20,-1.00
1000,0,15.59,-1.00
0,1000,-1.00,18.55
0,1000,-1.00,21.10
1000,0,16.19,-1.00
1000,0,23.46,-1.00
1000,0,23.67,-1.00
1000,0,21.10,-1.00
0,1000,-1.00,17.85
1000,0,15.26,-1.00
0,1000,-1.00,40.65
1000,0,17.21,-1.00
1000,0,19.65,-1.00
0,1000,-1.00,22.06
1000,0,20.59,-1.00
1000,0,19.24,-1.00
1000,0,21.17,-1.00
1000,0,15.55,-1.00
1000,0,25.92,-1.00
1000,0,19.24,-1.00
1000,0,25.28,-1.00
1000,0,32.38,-1.00
0,1000,-1.00,28.20
1000,0,18.79,-1.00
1000,0,16.17,-1.00
1000,0,20.32,-1.00
1000,0,18.75,-1.00
0,1000,-1.00,20.66
1000,0,22.99,-1.00
1000,0,11.18,-1.00
1000,0,19.72,-1.00
0,1000,-1.00,18.28
1000,0,29.88,-1.00
1000,0,15.01,-1.00
1000,0,16.98,-1.00
1000,0,20.27,-1.00
0,1000,-1.00,32.03
0,1000,-1.00,19.27
0,1000,-1.00,53.44
0,1000,-1.00,21.37
1000,0,18.92,-1.00
1000,0,22.46,-1.00
0,1000,-1.00,17.31
1000,0,26.73,-1.00
1000,0,27.46,-1.00
1000,0,23.18,-1.00
1000,0,19.38,-1.00
0,1000,-1.00,19.14
0,1000,-1.00,23.65
1000,0,15.44,-1.00
0,1000,-1.00,21.30
0,1000,-1.00,24.48
1000,0,20.85,-1.00
0,1000,-1.00,21.94
1000,0,31.11,-1.00
0,1000,-1.00,29.16
0,1000,-1.00,18.49
1000,0,14.10,-1.00
1000,0,15.34,-1.00
1000,0,25.89,-1.00
1000,0,19.50,-1.00
1000,0,24.99,-1.00
1000,0,25.92,-1.00
0,1000,-1.00,39.23
1000,0,28.36,-1.00
0,1000,-1.00,18.80
1000,0,19.58,-1.00
1000,0,24.71,-1.00
0,1000,-1.00,18.16
1000,0,16.30,-1.00
1000,0,26.04,-1.00
1000,0,17.20,-1.00
1000,0,19.19,-1.00
1000,0,28.36,-1.00
0,1000,-1.00,26.53
1000,0,15.71,-1.00
1000,0,15.17,-1.00
0,1000,-1.00,50.13
0,1000,-1.00,23.10
1000,0,16.60,-1.00
1000,0,34.08,-1.00
1000,0,27.26,-1.00
1000,0,25.03,-1.00
1000,0,19.44,-1.00
0,1000,-1.00,30.73
1000,0,18.20,-1.00
0,1000,-1.00,18.40
1000,0,18.74,-1.00
1000,0,21.10,-1.00
1000,0,23.94,-1.00
1000,0,20.81,-1.00
1000,0,17.77,-1.00
0,1000,-1.00,21.78
0,1000,-1.00,18.28
1000,0,29.18,-1.00
0,1000,-1.00,20.94
1000,0,17.00,-1.00
0,1000,-1.00,22.44
1000,0,34.60,-1.00
1000,0,30.25,-1.00
1000,0,20.70,-1.00
0,1000,-1.00,16.64
1000,0,14.17,-1.00
1000,0,17.33,-1.00
1000,0,17.53,-1.00
1000,0,16.67,-1.00
0,1000,-1.00,29.66
0,1000,-1.00,35.30
1000,0,20.60,-1.00
1000,0,14.80,-1.00
1000,0,29.03,-1.00
1000,0,24.28,-1.00
1000,0,17.04,-1.00
1000,0,17.60,-1.00
1000,0,23.15,-1.00
0,1000,-1.00,25.24
0,1000,-1.00,18.08
1000,0,32.33,-1.00
1000,0,17.56,-1.00
1000,0,17.56,-1.00
1000,0,30.90,-1.00
1000,0,29.86,-1.00
1000,0,20.13,-1.00
0,1000,-1.00,31.45
1000,0,31.83,-1.00
1000,0,25.81,-1.00
1000,0,20.06,-1.00
1000,0,13.01,-1.00
0,1000,-1.00,18.92
1000,0,57.07,-1.00
1000,0,17.90,-1.00
1000,0,18.72,-1.00
0,1000,-1.00,22.29
1000,0,16.89,-1.00
1000,0,16.76,-1.00
0,1000,-1.00,24.95
0,1000,-1.00,19.99
1000,0,50.27,-1.00
1000,0,15.59,-1.00
0,1000,-1.00,38.71
1000,0,31.82,-1.00
1000,0,22.98,-1.00
1000,0,21.83,-1.00
1000,0,23.13,-1.00
1000,0,16.15,-1.00
1000,0,25.83,-1.00
1000,0,16.60,-1.00
1000,0,41.43,-1.00
1000,0,23.05,-1.00
1000,0,22.90,-1.00
1000,0,18.69,-1.00
1000,0,18.07,-1.00
1000,0,17.14,-1.00
0,1000,-1.00,23.59
0,1000,-1.00,19.71
1000,0,19.92,-1.00
1000,0,12.49,-1.00
1000,0,29.18,-1.00
1000,0,19.72,-1.00
0,1000,-1.00,28.77
1000,0,24.40,-1.00
1000,0,25.00,-1.00
1000,0,25.01,-1.00
1000,0,20.51,-1.00
1000,0,18.89,-1.00
1000,0,21.25,-1.00
1000,0,19.93,-1.00
1000,0,18.95,-1.00
0,1000,-1.00,25.95
0,1000,-1.00,26.35
1000,0,29.13,-1.00
1000,0,15.84,-1.00
1000,0,21.37,-1.00
1000,0,15.43,-1.00
1000,0,18.28,-1.00
0,1000,-1.00,21.68
0,1000,-1.00,19.60
1000,0,21.19,-1.00
1000,0,22.03,-1.00
1000,0,15.72,-1.00
1000,0,27.00,-1.00
1000,0,22.47,-1.00
1000,0,15.87,-1.00
1000,0,17.09,-1.00
0,1000,-1.00,21.53
1000,0,17.18,-1.00
1000,0,25.26,-1.00
1000,0,16.80,-1.00
1000,0,15.49,-1.00
0,1000,-1.00,23.73
1000,0,21.47,-1.00
1000,0,40.60,-1.00
0,1000,-1.00,35.69
1000,0,17.24,-1.00
1000,0,22.45,-1.00
1000,0,16.29,-1.00
1000,0,15.96,-1.00
1000,0,22.42,-1.00
1000,0,22.20,-1.00
0,1000,-1.00,23.52
1000,0,15.84,-1.00
0,1000,-1.00,20.20
1000,0,25.87,-1.00
1000,0,35.19,-1.00
1000,0,15.65,-1.00
1000,0,21.67,-1.00
1000,0,19.33,-1.00
1000,0,38.60,-1.00
1000,0,21.37,-1.00
0,1000,-1.00,32.94
1000,0,18.92,-1.00
1000,0,21.62,-1.00
1000,0,30.66,-1.00
1000,0,21.89,-1.00
1000,0,17.20,-1.00
0,1000,-1.00,31.40
1000,0,18.23,-1.00
1000,0,13.88,-1.00
1000,0,19.34,-1.00
1000,0,39.02,-1.00
1000,0,30.61,-1.00
1000,0,19.90,-1.00
1000,0,23.49,-1.00
1000,0,21.55,-1.00
0,1000,-1.00,18.95
1000,0,18.69,-1.00
1000,0,23.96,-1.00
1000,0,22.03,-1.00
0,1000,-1.00,19.16
1000,0,22.47,-1.00
1000,0,21.55,-1.00
1000,0,28.07,-1.00
0,1000,-1.00,22.22
1000,0,27.14,-1.00
1000,0,16.23,-1.00
0,1000,-1.00,30.11
0,1000,-1.00,24.41
1000,0,22.21,-1.00
1000,0,14.21,-1.00
1000,0,21.40,-1.00
0,1000,-1.00,38.16
0,1000,-1.00,24.90
1000,0,15.98,-1.00
1000,0,19.50,-1.00
1000,0,15.52,-1.00
1000,0,17.96,-1.00
0,1000,-1.00,34.28
0,1000,-1.00,35.36
1000,0,22.66,-1.00
1000,0,18.80,-1.00
1000,0,17.96,-1.00
1000,0,20.28,-1.00
0,1000,-1.00,17.41
1000,0,20.59,-1.00
1000,0,19.92,-1.00
1000,0,19.75,-1.00
0,1000,-1.00,22.96
1000,0,23.87,-1.00
1000,0,15.98,-1.00
1000,0,20.87,-1.00
0,1000,-1.00,32.51
1000,0,22.79,-1.00
1000,0,13.47,-1.00
1000,0,18.37,-1.00
1000,0,32.73,-1.00
0,1000,-1.00,25.61
1000,0,19.06,-1.00
0,1000,-1.00,20.09
1000,0,13.71,-1.00
0,1000,-1.00,21.07
1000,0,33.88,-1.00
0,1000,-1.00,20.11
0,1000,-1.00,21.38
1000,0,20.64,-1.00
1000,0,16.98,-1.00
0,1000,-1.00,28.63
0,1000,-1.00,21.47
1000,0,22.48,-1.00
1000,0,15.26,-1.00
0,1000,-1.00,18.31
1000,0,26.49,-1.00
0,1000,-1.00,24.62
0,1000,-1.00,31.68
0,1000,-1.00,18.05
0,1000,-1.00,21.70
0,1000,-1.00,29.48
1000,0,21.49,-1.00
1000,0,21.11,-1.00
1000,0,18.05,-1.00
0,1000,-1.00,21.11
0,1000,-1.00,20.77
1000,0,16.56,-1.00
1000,0,20.59,-1.00
0,1000,-1.00,19.41
1000,0,22.62,-1.00
1000,0,13.60,-1.00
0,1000,-1.00,22.48
0,1000,-1.00,30.23
1000,0,24.26,-1.00
1000,0,23.49,-1.00
0,1000,-1.00,27.14
1000,0,20.15,-1.00
0,1000,-1.00,21.22
1000,0,19.02,-1.00
1000,0,17.98,-1.00
1000,0,25.48,-1.00
1000,0,17.14,-1.00
1000,0,20.85,-1.00
1000,0,24.28,-1.00
1000,0,16.42,-1.00
0,1000,-1.00,16.42
1000,0,21.90,-1.00
1000,0,16.02,-1.00
1000,0,14.53,-1.00
0,1000,-1.00,20.06
0,1000,-1.00,21.02
1000,0,22.99,-1.00
1000,0,24.12,-1.00
1000,0,23.37,-1.00
1000,0,18.85,-1.00
1000,0,22.36,-1.00
1000,0,21.21,-1.00
1000,0,19.04,-1.00
1000,0,27.15,-1.00
1000,0,21.02,-1.00
1000,0,21.89,-1.00
1000,0,21.34,-1.00
1000,0,23.43,-1.00
1000,0,46.15,-1.00
1000,0,21.19,-1.00
1000,0,26.00,-1.00
1000,0,22.15,-1.00
1000,0,16.40,-1.00
0,1000,-1.00,21.54
1000,0,19.31,-1.00
1000,0,19.33,-1.00
1000,0,25.51,-1.00
1000,0,19.23,-1.00
1000,0,20.71,-1.00
1000,0,19.58,-1.00
1000,0,22.54,-1.00
0,1000,-1.00,20.56
0,1000,-1.00,16.18
1000,0,17.34,-1.00
1000,0,17.43,-1.00
1000,0,20.47,-1.00
1000,0,19.76,-1.00
0,1000,-1.00,28.06
1000,0,15.13,-1.00
1000,0,26.31,-1.00
0,1000,-1.00,27.35
0,1000,-1.00,22.52
0,1000,-1.00,16.43
1000,0,21.91,-1.00
1000,0,15.41,-1.00
1000,0,17.42,-1.00
1000,0,24.00,-1.00
1000,0,19.42,-1.00
0,1000,-1.00,20.77
1000,0,19.25,-1.00
0,1000,-1.00,31.56
1000,0,20.75,-1.00
1000,0,21.03,-1.00
1000,0,17.91,-1.00
1000,0,13.67,-1.00
1000,0,17.24,-1.00
1000,0,18.90,-1.00
1000,0,17.35,-1.00
0,1000,-1.00,30.81
0,1000,-1.00,16.63
0,1000,-1.00,20.33
1000,0,17.24,-1.00
1000,0,33.42,-1.00
1000,0,30.75,-1.00
1000,0,20.51,-1.00
0,1000,-1.00,25.78
0,1000,-1.00,24.33
1000,0,25.98,-1.00
1000,0,14.56,-1.00
0,1000,-1.00,15.63
1000,0,20.08,-1.00
1000,0,18.81,-1.00
1000,0,29.34,-1.00
1000,0,15.87,-1.00
1000,0,17.80,-1.00
1000,0,17.63,-1.00
1000,0,21.28,-1.00
0,1000,-1.00,24.24
0,1000,-1.00,27.28
1000,0,16.24,-1.00
0,1000,-1.00,21.82
1000,0,22.14,-1.00
1000,0,26.83,-1.00
1000,0,21.92,-1.00
1000,0,15.23,-1.00
1000,0,24.69,-1.00
1000,0,19.02,-1.00
1000,0,14.35,-1.00
0,1000,-1.00,21.28
1000,0,16.62,-1.00
1000,0,37.11,-1.00
1000,0,15.67,-1.00
1000,0,20.41,-1.00
1000,0,32.60,-1.00
1000,0,18.35,-1.00
0,1000,-1.00,30.87
0,1000,-1.00,20.54
1000,0,14.29,-1.00
1000,0,22.23,-1.00
0,1000,-1.00,26.41
1000,0,25.93,-1.00
1000,0,24.10,-1.00
1000,0,20.33,-1.00
1000,0,20.64,-1.00
1000,0,19.04,-1.00
1000,0,32.92,-1.00
1000,0,18.36,-1.00
1000,0,17.03,-1.00
1000,0,17.55,-1.00
1000,0,48.30,-1.00
1000,0,18.27,-1.00
1000,0,15.85,-1.00
1000,0,19.14,-1.00
1000,0,20.43,-1.00
0,1000,-1.00,16.76
1000,0,20.14,-1.00
1000,0,19.94,-1.00
1000,0,16.42,-1.00
1000,0,19.05,-1.00
0,1000,-1.00,17.75
1000,0,20.77,-1.00
1000,0,15.47,-1.00
0,1000,-1.00,23.78
1000,0,31.71,-1.00
1000,0,13.48,-1.00
1000,0,14.01,-1.00
1000,0,14.28,-1.00
1000,0,14.81,-1.00
1000,0,28.07,-1.00
1000,0,23.55,-1.00
1000,0,21.11,-1.00
1000,0,18.65,-1.00
0,1000,-1.00,22.39
0,1000,-1.00,16.53
1000,0,17.13,-1.00
1000,0,17.97,-1.00
0,1000,-1.00,42.89
1000,0,17.02,-1.00
1000,0,19.62,-1.00
1000,0,20.69,-1.00
1000,0,20.53,-1.00
1000,0,19.07,-1.00
1000,0,21.57,-1.00
1000,0,26.25,-1.00
1000,0,42.52,-1.00
1000,0,27.18,-1.00
1000,0,15.73,-1.00
0,1000,-1.00,18.29
0,1000,-1.00,17.98
1000,0,21.40,-1.00
0,1000,-1.00,31.86
1000,0,14.45,-1.00
1000,0,26.34,-1.00
1000,0,27.44,-1.00
0,1000,-1.00,23.07
1000,0,21.02,-1.00
0,1000,-1.00,18.90
0,1000,-1.00,19.12
1000,0,20.89,-1.00
1000,0,20.72,-1.00
1000,0,17.35,-1.00
1000,0,17.78,-1.00
0,1000,-1.00,20.66
1000,0,16.45,-1.00
0,1000,-1.00,26.79
1000,0,20.83,-1.00
0,1000,-1.00,25.45
1000,0,19.30,-1.00
1000,0,21.63,-1.00
1000,0,16.67,-1.00
1000,0,39.77,-1.00
1000,0,25.23,-1.00
0,1000,-1.00,18.91
1000,0,23.81,-1.00
1000,0,23.11,-1.00
1000,0,21.12,-1.00
1000,0,36.87,-1.00
1000,0,19.72,-1.00
1000,0,19.55,-1.00
1000,0,17.49,-1.00
0,1000,-1.00,17.41
1000,0,31.93,-1.00
1000,0,15.25,-1.00
0,1000,-1.00,28.86
1000,0,14.11,-1.00
0,1000,-1.00,29.41
1000,0,19.14,-1.00
1000,0,19.85,-1.00
0,1000,-1.00,28.02
1000,0,19.15,-1.00
1000,0,18.67,-1.00
0,1000,-1.00,21.42
1000,0,17.33,-1.00
1000,0,15.82,-1.00
1000,0,22.91,-1.00
0,1000,-1.00,16.60
1000,0,19.58,-1.00
1000,0,17.85,-1.00
1000,0,17.02,-1.00
1000,0,20.53,-1.00
1000,0,32.84,-1.00
1000,0,29.51,-1.00
1000,0,28.75,-1.00
0,1000,-1.00,14.76
1000,0,26.27,-1.00
1000,0,19.70,-1.00
1000,0,18.88,-1.00
1000,0,31.98,-1.00
1000,0,47.20,-1.00
1000,0,29.56,-1.00
1000,0,21.34,-1.00
1000,0,21.50,-1.00
0,1000,-1.00,17.58
1000,0,19.31,-1.00
1000,0,16.81,-1.00
1000,0,25.67,-1.00
1000,0,25.90,-1.00
1000,0,16.92,-1.00
0,1000,-1.00,34.34
0,1000,-1.00,17.88
1000,0,31.39,-1.00
0,1000,-1.00,28.90
1000,0,25.49,-1.00
1000,0,25.74,-1.00
1000,0,21.60,-1.00
1000,0,18.44,-1.00
1000,0,27.35,-1.00
1000,0,29.31,-1.00
1000,0,28.82,-1.00
0,1000,-1.00,21.95
0,1000,-1.00,22.90
1000,0,20.58,-1.00
1000,0,20.56,-1.00
1000,0,14.83,-1.00
0,1000,-1.00,17.22
1000,0,26.53,-1.00
1000,0,16.01,-1.00
1000,0,21.12,-1.00
0,1000,-1.00,22.30
1000,0,13.12,-1.00
1000,0,19.40,-1.00
1000,0,19.65,-1.00
1000,0,16.52,-1.00
1000,0,28.21,-1.00
1000,0,20.26,-1.00
1000,0,19.13,-1.00
1000,0,27.52,-1.00
1000,0,34.23,-1.00
1000,0,17.22,-1.00
1000,0,14.52,-1.00
1000,0,31.75,-1.00
0,1000,-1.00,30.79
1000,0,20.26,-1.00
1000,0,15.46,-1.00
0,1000,-1.00,24.60
1000,0,22.16,-1.00
1000,0,27.24,-1.00
1000,0,19.42,-1.00
1000,0,20.84,-1.00
1000,0,20.20,-1.00
1000,0,21.38,-1.00
1000,0,17.83,-1.00
1000,0,20.07,-1.00
1000,0,15.57,-1.00
0,1000,-1.00,30.99
1000,0,22.00,-1.00
1000,0,25.02,-1.00
0,1000,-1.00,28.15
0,1000,-1.00,21.13
1000,0,20.63,-1.00
0,1000,-1.00,18.50
0,1000,-1.00,28.14
1000,0,14.97,-1.00
1000,0,15.62,-1.00
1000,0,19.73,-1.00
1000,0,20.79,-1.00
1000,0,24.63,-1.00
1000,0,24.82,-1.00
1000,0,16.70,-1.00
1000,0,23.34,-1.00
1000,0,16.17,-1.00
1000,0,25.15,-1.00
1000,0,25.64,-1.00
1000,0,16.91,-1.00
1000,0,13.43,-1.00
1000,0,16.72,-1.00
1000,0,28.56,-1.00
0,1000,-1.00,23.02
0,1000,-1.00,18.09
1000,0,20.17,-1.00
1000,0,15.92,-1.00
1000,0,21.42,-1.00
1000,0,23.59,-1.00
0,1000,-1.00,22.25
1000,0,22.71,-1.00
0,1000,-1.00,30.10
0,1000,-1.00,32.17
1000,0,26.11,-1.00
1000,0,18.17,-1.00
1000,0,20.38,-1.00
1000,0,27.58,-1.00
0,1000,-1.00,32.62
0,1000,-1.00,28.35
1000,0,14.11,-1.00
1000,0,18.88,-1.00
1000,0,20.06,-1.00
1000,0,18.41,-1.00
1000,0,18.27,-1.00
1000,0,24.62,-1.00
1000,0,19.20,-1.00
1000,0,19.80,-1.00
1000,0,15.67,-1.00
1000,0,22.51,-1.00
1000,0,22.46,-1.00
1000,0,12.66,-1.00
1000,0,18.44,-1.00
1000,0,15.16,-1.00
0,1000,-1.00,25.12
1000,0,18.19,-1.00
0,1000,-1.00,38.50
1000,0,13.41,-1.00
1000,0,24.79,-1.00
1000,0,23.03,-1.00
1000,0,19.83,-1.00
1000,0,18.58,-1.00
0,1000,-1.00,17.34
1000,0,15.37,-1.00
1000,0,22.30,-1.00
0,1000,-1.00,28.98
0,1000,-1.00,25.25
1000,0,19.09,-1.00
0,1000,-1.00,15.30
0,1000,-1.00,23.69
1000,0,18.50,-1.00
1000,0,29.36,-1.00
0,1000,-1.00,27.92
1000,0,24.34,-1.00
1000,0,13.93,-1.00
1000,0,22.54,-1.00
1000,0,18.54,-1.00
0,1000,-1.00,20.73
1000,0,20.34,-1.00
1000,0,17.26,-1.00
0,1000,-1.00,21.95
1000,0,20.75,-1.00
1000,0,27.30,-1.00
1000,0,21.95,-1.00
1000,0,16.33,-1.00
1000,0,21.85,-1.00
1000,0,22.20,-1.00
0,1000,-1.00,20.93
1000,0,18.67,-1.00
1000,0,18.12,-1.00
1000,0,21.38,-1.00
0,1000,-1.00,28.56
0,1000,-1.00,30.78
1000,0,18.30,-1.00
1000,0,20.82,-1.00
1000,0,21.92,-1.00
1000,0,25.58,-1.00
0,1000,-1.00,28.11
1000,0,31.20,-1.00
1000,0,18.78,-1.00
1000,0,17.19,-1.00
1000,0,18.88,-1.00
1000,0,25.51,-1.00
0,1000,-1.00,23.48
0,1000,-1.00,23.60
1000,0,29.94,-1.00
1000,0,18.51,-1.00
0,1000,-1.00,17.08
1000,0,23.31,-1.00
1000,0,21.40,-1.00
1000,0,24.60,-1.00
1000,0,26.17,-1.00
1000,0,26.58,-1.00
1000,0,17.68,-1.00
0,1000,-1.00,25.28
0,1000,-1.00,15.63
1000,0,14.83,-1.00
1000,0,22.96,-1.00
1000,0,18.33,-1.00
1000,0,19.59,-1.00
1000,0,18.04,-1.00
0,1000,-1.00,23.42
1000,0,19.23,-1.00
1000,0,24.87,-1.00
1000,0,17.22,-1.00
1000,0,17.70,-1.00
1000,0,30.05,-1.00
1000,0,16.40,-1.00
1000,0,19.38,-1.00
0,1000,-1.00,18.24
1000,0,45.74,-1.00
1000,0,24.16,-1.00
0,1000,-1.00,28.95
0,1000,-1.00,15.79
0,1000,-1.00,29.67
1000,0,14.40,-1.00
1000,0,18.51,-1.00
1000,0,19.76,-1.00
1000,0,20.12,-1.00
1000,0,16.99,-1.00
1000,0,20.49,-1.00
1000,0,18.89,-1.00
1000,0,21.71,-1.00
0,1000,-1.00,23.14
1000,0,27.73,-1.00
0,1000,-1.00,30.10
1000,0,17.60,-1.00
0,1000,-1.00,25.49
0,1000,-1.00,18.31
1000,0,17.57,-1.00
1000,0,21.96,-1.00
1000,0,26.62,-1.00
1000,0,15.51,-1.00
1000,0,21.56,-1.00
1000,0,17.05,-1.00
1000,0,22.32,-1.00
0,1000,-1.00,26.98
1000,0,23.33,-1.00
1000,0,27.34,-1.00
1000,0,23.91,-1.00
0,1000,-1.00,22.28
0,1000,-1.00,33.44
0,1000,-1.00,17.80
1000,0,16.34,-1.00
1000,0,25.59,-1.00
1000,0,17.13,-1.00
1000,0,22.40,-1.00
1000,0,17.21,-1.00
1000,0,22.21,-1.00
1000,0,21.97,-1.00
0,1000,-1.00,18.46
1000,0,28.90,-1.00
1000,0,18.34,-1.00
0,1000,-1.00,19.78
1000,0,30.62,-1.00
1000,0,25.15,-1.00
1000,0,23.98,-1.00
1000,0,12.90,-1.00
1000,0,17.10,-1.00
1000,0,19.81,-1.00
0,1000,-1.00,26.22
1000,0,23.82,-1.00
1000,0,27.56,-1.00
1000,0,22.62,-1.00
1000,0,19.10,-1.00
1000,0,17.51,-1.00
0,1000,-1.00,25.29
1000,0,23.84,-1.00
1000,0,26.58,-1.00
1000,0,29.51,-1.00
1000,0,16.20,-1.00
0,1000,-1.00,17.81
1000,0,17.63,-1.00
1000,0,17.03,-1.00
0,1000,-1.00,28.97
0,1000,-1.00,24.62
1000,0,14.12,-1.00
1000,0,23.74,-1.00
1000,0,23.01,-1.00
1000,0,18.72,-1.00
1000,0,17.19,-1.00
0,1000,-1.00,18.70
1000,0,25.05,-1.00
0,1000,-1.00,18.41
0,1000,-1.00,24.82
1000,0,20.98,-1.00
0,1000,-1.00,22.07
0,1000,-1.00,17.89
1000,0,17.45,-1.00
1000,0,21.25,-1.00
1000,0,16.33,-1.00
0,1000,-1.00,14.65
0,1000,-1.00,19.64
0,1000,-1.00,16.38
1000,0,17.53,-1.00
1000,0,19.51,-1.00
1000,0,22.48,-1.00
1000,0,14.75,-1.00
1000,0,19.56,-1.00
1000,0,19.31,-1.00
1000,0,23.45,-1.00
0,1000,-1.00,20.68
1000,0,25.33,-1.00
0,1000,-1.00,26.68
1000,0,20.10,-1.00
1000,0,18.02,-1.00
0,1000,-1.00,28.13
1000,0,35.82,-1.00
1000,0,27.52,-1.00
0,1000,-1.00,19.56
1000,0,23.29,-1.00
0,1000,-1.00,20.72
1000,0,24.51,-1.00
1000,0,22.06,-1.00
0,1000,-1.00,18.25
1000,0,15.71,-1.00
1000,0,19.55,-1.00
0,1000,-1.00,19.83
1000,0,28.87,-1.00
1000,0,18.28,-1.00
1000,0,16.65,-1.00
1000,0,21.61,-1.00
1000,0,22.16,-1.00
1000,0,18.23,-1.00
1000,0,21.60,-1.00
1000,0,26.13,-1.00
1000,0,18.72,-1.00
1000,0,29.82,-1.00
1000,0,23.18,-1.00
1000,0,30.10,-1.00
1000,0,23.11,-1.00
1000,0,23.41,-1.00
1000,0,19.15,-1.00
1000,0,19.10,-1.00
0,1000,-1.00,18.70
1000,0,21.98,-1.00
1000,0,21.08,-1.00
1000,0,16.96,-1.00
1000,0,30.12,-1.00
1000,0,15.69,-1.00
1000,0,13.27,-1.00
1000,0,20.46,-1.00
1000,0,15.67,-1.00
1000,0,25.86,-1.00
0,1000,-1.00,16.99
1000,0,25.67,-1.00
1000,0,15.54,-1.00
0,1000,-1.00,23.99
0,1000,-1.00,21.62
1000,0,15.71,-1.00
1000,0,20.12,-1.00
1000,0,12.61,-1.00
1000,0,20.55,-1.00
0,1000,-1.00,19.76
1000,0,28.00,-1.00
1000,0,15.58,-1.00
1000,0,19.38,-1.00
0,1000,-1.00,24.19
1000,0,16.24,-1.00
1000,0,24.22,-1.00
1000,0,23.12,-1.00
0,1000,-1.00,24.94
0,1000,-1.00,23.19
1000,0,17.32,-1.00
1000,0,18.50,-1.00
0,1000,-1.00,26.89
1000,0,17.27,-1.00
1000,0,21.04,-1.00
0,1000,-1.00,16.37
0,1000,-1.00,24.02
1000,0,17.46,-1.00
1000,0,15.54,-1.00
1000,0,16.64,-1.00
1000,0,23.53,-1.00
1000,0,20.30,-1.00
0,1000,-1.00,25.16
0,1000,-1.00,25.86
0,1000,-1.00,23.31
1000,0,19.35,-1.00
1000,0,17.55,-1.00
1000,0,14.83,-1.00
1000,0,21.38,-1.00
1000,0,18.09,-1.00
1000,0,21.28,-1.00
0,1000,-1.00,23.92
1000,0,22.99,-1.00
1000,0,20.52,-1.00
1000,0,35.75,-1.00
1000,0,15.97,-1.00
0,1000,-1.00,19.02
0,1000,-1.00,20.43
1000,0,18.63,-1.00
1000,0,16.30,-1.00
1000,0,21.11,-1.00
0,1000,-1.00,19.57
1000,0,17.68,-1.00
1000,0,20.61,-1.00
1000,0,17.40,-1.00
1000,0,19.12,-1.00
0,1000,-1.00,30.80
1000,0,28.23,-1.00
0,1000,-1.00,26.37
0,1000,-1.00,24.19
0,1000,-1.00,14.61
0,1000,-1.00,19.08
1000,0,23.05,-1.00
0,1000,-1.00,19.41
1000,0,23.45,-1.00
1000,0,13.63,-1.00
1000,0,32.74,-1.00
0,1000,-1.00,20.75
1000,0,35.23,-1.00
0,1000,-1.00,24.44
1000,0,22.43,-1.00
1000,0,16.44,-1.00
1000,0,21.97,-1.00
0,1000,-1.00,22.53
1000,0,25.27,-1.00
1000,0,17.81,-1.00
0,1000,-1.00,20.86
1000,0,26.95,-1.00
0,1000,-1.00,18.08
1000,0,16.23,-1.00
0,1000,-1.00,36.26
1000,0,30.34,-1.00
0,1000,-1.00,20.03
0,1000,-1.00,24.86
1000,0,16.40,-1.00
1000,0,37.95,-1.00
1000,0,17.52,-1.00
1000,0,18.40,-1.00
1000,0,18.72,-1.00
0,1000,-1.00,15.24
1000,0,22.86,-1.00
1000,0,19.88,-1.00
1000,0,19.64,-1.00
1000,0,16.40,-1.00
1000,0,15.31,-1.00
0,1000,-1.00,21.62
1000,0,20.20,-1.00
1000,0,16.03,-1.00
1000,0,19.81,-1.00
1000,0,18.24,-1.00
1000,0,20.10,-1.00
1000,0,22.52,-1.00
1000,0,24.43,-1.00
0,1000,-1.00,18.89
1000,0,22.35,-1.00
1000,0,21.22,-1.00
1000,0,21.12,-1.00
0,1000,-1.00,32.10
1000,0,23.57,-1.00
1000,0,17.92,-1.00
1000,0,18.55,-1.00
0,1000,-1.00,19.31
1000,0,20.25,-1.00
1000,0,20.09,-1.00
0,1000,-1.00,35.45
0,1000,-1.00,21.16
1000,0,14.29,-1.00
1000,0,18.83,-1.00
1000,0,21.40,-1.00
0,1000,-1.00,30.88
1000,0,17.05,-1.00
1000,0,17.23,-1.00
1000,0,18.25,-1.00
0,1000,-1.00,23.36
1000,0,22.34,-1.00
0,1000,-1.00,39.19
0,1000,-1.00,24.14
1000,0,42.13,-1.00
1000,0,16.74,-1.00
1000,0,16.91,-1.00
1000,0,16.93,-1.00
1000,0,15.63,-1.00
1000,0,18.99,-1.00
1000,0,16.09,-1.00
1000,0,30.32,-1.00
1000,0,15.32,-1.00
0,1000,-1.00,23.92
1000,0,17.31,-1.00
0,1000,-1.00,26.22
0,1000,-1.00,29.65
1000,0,17.52,-1.00
1000,0,19.44,-1.00
1000,0,17.28,-1.00
1000,0,18.46,-1.00
1000,0,18.26,-1.00
0,1000,-1.00,25.47
1000,0,18.84,-1.00
1000,0,16.01,-1.00
1000,0,21.10,-1.00
1000,0,19.81,-1.00
1000,0,15.40,-1.00
1000,0,14.77,-1.00
1000,0,20.84,-1.00
1000,0,27.27,-1.00
1000,0,29.27,-1.00
1000,0,18.08,-1.00
0,1000,-1.00,19.60
1000,0,29.09,-1.00
1000,0,26.94,-1.00
0,1000,-1.00,22.23
1000,0,24.85,-1.00
1000,0,20.65,-1.00
1000,0,16.07,-1.00
0,1000,-1.00,16.78
0,1000,-1.00,18.65
1000,0,17.66,-1.00
1000,0,26.59,-1.00
0,1000,-1.00,19.28
1000,0,26.63,-1.00
1000,0,21.19,-1.00
1000,0,32.33,-1.00
1000,0,19.57,-1.00
1000,0,14.00,-1.00
0,1000,-1.00,23.63
1000,0,16.16,-1.00
1000,0,24.49,-1.00
1000,0,28.00,-1.00
1000,0,14.31,-1.00
0,1000,-1.00,27.62
0,1000,-1.00,27.44
0,1000,-1.00,24.81
1000,0,33.01,-1.00
0,1000,-1.00,22.70
0,1000,-1.00,19.76
1000,0,15.74,-1.00
1000,0,22.28,-1.00
0,1000,-1.00,32.34
1000,0,18.59,-1.00
1000,0,15.76,-1.00
1000,0,22.50,-1.00
0,1000,-1.00,25.01
1000,0,12.21,-1.00
1000,0,16.56,-1.00
1000,0,26.28,-1.00
1000,0,16.52,-1.00
1000,0,20.03,-1.00
1000,0,26.09,-1.00
1000,0,24.50,-1.00
1000,0,18.76,-1.00
1000,0,26.18,-1.00
1000,0,19.32,-1.00
0,1000,-1.00,26.44
1000,0,12.50,-1.00
1000,0,15.36,-1.00
0,1000,-1.00,22.18
1000,0,19.88,-1.00
1000,0,20.11,-1.00
1000,0,22.01,-1.00
0,1000,-1.00,20.93
0,1000,-1.00,25.23
1000,0,19.73,-1.00
0,1000,-1.00,22.34
1000,0,18.10,-1.00
1000,0,18.42,-1.00
1000,0,29.55,-1.00
1000,0,17.26,-1.00
1000,0,28.23,-1.00
0,1000,-1.00,19.40
1000,0,17.86,-1.00
1000,0,16.80,-1.00
0,1000,-1.00,28.19
0,1000,-1.00,26.80
1000,0,18.47,-1.00
1000,0,15.66,-1.00
1000,0,18.50,-1.00
0,1000,-1.00,23.55
0,1000,-1.00,22.80
1000,0,34.60,-1.00
1000,0,15.40,-1.00
1000,0,25.22,-1.00
1000,0,19.24,-1.00
1000,0,18.63,-1.00
0,1000,-1.00,26.39
1000,0,19.31,-1.00
1000,0,23.59,-1.00
0,1000,-1.00,29.43
1000,0,28.25,-1.00
1000,0,23.58,-1.00
0,1000,-1.00,18.98
0,1000,-1.00,27.79
1000,0,17.83,-1.00
1000,0,20.83,-1.00
1000,0,18.71,-1.00
1000,0,29.54,-1.00
0,1000,-1.00,25.56
1000,0,28.58,-1.00
1000,0,26.16,-1.00
1000,0,15.60,-1.00
1000,0,23.37,-1.00
0,1000,-1.00,42.72
1000,0,17.32,-1.00
1000,0,23.61,-1.00
1000,0,30.63,-1.00
1000,0,18.72,-1.00
1000,0,18.06,-1.00
0,1000,-1.00,29.96
1000,0,18.44,-1.00
0,1000,-1.00,35.16
0,1000,-1.00,18.48
1000,0,28.62,-1.00
1000,0,33.45,-1.00
1000,0,24.05,-1.00
1000,0,20.41,-1.00
1000,0,19.39,-1.00
1000,0,22.24,-1.00
0,1000,-1.00,18.07
0,1000,-1.00,28.44
1000,0,24.17,-1.00
0,1000,-1.00,22.85
1000,0,15.32,-1.00
1000,0,18.43,-1.00
0,1000,-1.00,35.87
1000,0,26.01,-1.00
1000,0,13.09,-1.00
1000,0,19.42,-1.00
1000,0,25.52,-1.00
1000,0,36.99,-1.00
1000,0,23.48,-1.00
1000,0,21.15,-1.00
1000,0,18.48,-1.00
1000,0,16.24,-1.00
1000,0,27.09,-1.00
1000,0,21.90,-1.00
1000,0,25.17,-1.00
1000,0,26.00,-1.00
1000,0,46.36,-1.00
0,1000,-1.00,23.10
1000,0,21.81,-1.00
1000,0,21.88,-1.00
1000,0,20.16,-1.00
1000,0,22.61,-1.00
1000,0,14.86,-1.00
1000,0,15.28,-1.00
0,1000,-1.00,21.97
1000,0,24.62,-1.00
1000,0,21.86,-1.00
1000,0,24.79,-1.00
1000,0,18.27,-1.00
0,1000,-1.00,23.00
0,1000,-1.00,20.75
1000,0,33.03,-1.00
1000,0,20.38,-1.00
1000,0,16.21,-1.00
1000,0,19.21,-1.00
1000,0,23.00,-1.00
1000,0,16.59,-1.00
1000,0,15.28,-1.00
0,1000,-1.00,22.59
1000,0,30.50,-1.00
1000,0,21.31,-1.00
1000,0,13.10,-1.00
0,1000,-1.00,28.90
0,1000,-1.00,21.78
1000,0,11.87,-1.00
0,1000,-1.00,31.53
1000,0,15.97,-1.00
0,1000,-1.00,26.43
1000,0,15.16,-1.00
1000,0,33.24,-1.00
0,1000,-1.00,21.08
0,1000,-1.00,22.87
1000,0,15.81,-1.00
1000,0,17.17,-1.00
1000,0,19.93,-1.00
0,1000,-1.00,21.83
1000,0,20.24,-1.00
1000,0,17.47,-1.00
1000,0,17.79,-1.00
1000,0,16.00,-1.00
1000,0,24.39,-1.00
1000,0,18.04,-1.00
1000,0,14.51,-1.00
0,1000,-1.00,17.92
0,1000,-1.00,31.62
1000,0,26.53,-1.00
1000,0,29.31,-1.00
1000,0,17.83,-1.00
0,1000,-1.00,26.22
0,1000,-1.00,26.45
1000,0,18.41,-1.00
1000,0,13.75,-1.00
1000,0,17.79,-1.00
0,1000,-1.00,17.98
1000,0,17.30,-1.00
0,1000,-1.00,18.11
1000,0,23.17,-1.00
1000,0,13.89,-1.00
1000,0,17.45,-1.00
1000,0,15.54,-1.00
0,1000,-1.00,24.66
1000,0,21.23,-1.00
0,1000,-1.00,47.95
1000,0,17.60,-1.00
1000,0,16.17,-1.00
1000,0,14.78,-1.00
1000,0,17.63,-1.00
0,1000,-1.00,22.82
1000,0,24.78,-1.00
1000,0,17.19,-1.00
1000,0,19.55,-1.00
0,1000,-1.00,23.74
1000,0,15.72,-1.00
1000,0,22.01,-1.00
0,1000,-1.00,29.03
1000,0,14.55,-1.00
1000,0,25.95,-1.00
1000,0,22.02,-1.00
0,1000,-1.00,24.96
1000,0,18.44,-1.00
1000,0,26.82,-1.00
1000,0,19.73,-1.00
1000,0,20.65,-1.00
1000,0,17.93,-1.00
1000,0,19.68,-1.00
1000,0,20.60,-1.00
1000,0,35.71,-1.00
0,1000,-1.00,28.18
1000,0,19.86,-1.00
1000,0,16.56,-1.00
0,1000,-1.00,22.49
1000,0,21.72,-1.00
1000,0,16.78,-1.00
1000,0,27.57,-1.00
1000,0,22.03,-1.00
1000,0,16.03,-1.00
0,1000,-1.00,21.56
0,1000,-1.00,15.36
1000,0,24.36,-1.00
1000,0,17.50,-1.00
1000,0,20.82,-1.00
1000,0,18.59,-1.00
1000,0,19.42,-1.00
1000,0,19.77,-1.00
1000,0,20.25,-1.00
1000,0,18.97,-1.00
0,1000,-1.00,19.43
1000,0,15.80,-1.00
1000,0,31.51,-1.00
1000,0,15.67,-1.00
0,1000,-1.00,26.91
1000,0,18.82,-1.00
1000,0,18.31,-1.00
1000,0,18.64,-1.00
1000,0,24.36,-1.00
1000,0,14.29,-1.00
1000,0,17.54,-1.00
0,1000,-1.00,20.66
0,1000,-1.00,21.82
1000,0,16.59,-1.00
1000,0,18.49,-1.00
1000,0,15.14,-1.00
1000,0,18.84,-1.00
1000,0,16.37,-1.00
0,1000,-1.00,19.11
1000,0,38.40,-1.00
1000,0,17.07,-1.00
1000,0,24.46,-1.00
1000,0,19.74,-1.00
1000,0,19.93,-1.00
0,1000,-1.00,22.64
1000,0,20.07,-1.00
1000,0,15.60,-1.00
0,1000,-1.00,26.37
1000,0,15.64,-1.00
1000,0,16.82,-1.00
1000,0,29.31,-1.00
1000,0,17.58,-1.00
0,1000,-1.00,18.39
1000,0,15.73,-1.00
1000,0,17.76,-1.00
0,1000,-1.00,22.16
0,1000,-1.00,21.34
1000,0,18.98,-1.00
1000,0,16.33,-1.00
1000,0,17.47,-1.00
1000,0,14.31,-1.00
0,1000,-1.00,25.51
0,1000,-1.00,18.38
1000,0,16.51,-1.00
0,1000,-1.00,23.10
1000,0,24.48,-1.00
1000,0,28.09,-1.00
1000,0,22.44,-1.00
1000,0,21.47,-1.00
1000,0,12.37,-1.00
1000,0,21.97,-1.00
0,1000,-1.00,20.41
0,1000,-1.00,14.86
1000,0,23.84,-1.00
1000,0,17.97,-1.00
1000,0,16.40,-1.00
0,1000,-1.00,30.91
1000,0,17.70,-1.00
0,1000,-1.00,19.91
1000,0,17.42,-1.00
1000,0,23.09,-1.00
1000,0,22.06,-1.00
1000,0,25.74,-1.00
1000,0,31.44,-1.00
1000,0,23.41,-1.00
0,1000,-1.00,19.24
1000,0,16.87,-1.00
1000,0,13.72,-1.00
0,1000,-1.00,22.73
1000,0,26.65,-1.00
0,1000,-1.00,17.82
1000,0,43.52,-1.00
1000,0,22.35,-1.00
0,1000,-1.00,28.31
1000,0,21.02,-1.00
0,1000,-1.00,17.75
1000,0,17.15,-1.00
1000,0,16.14,-1.00
1000,0,19.33,-1.00
0,1000,-1.00,18.65
1000,0,16.97,-1.00
0,1000,-1.00,18.22
1000,0,20.17,-1.00
0,1000,-1.00,26.56
1000,0,17.63,-1.00
0,1000,-1.00,31.27
1000,0,17.69,-1.00
0,1000,-1.00,24.82
0,1000,-1.00,20.29
1000,0,23.45,-1.00
1000,0,18.74,-1.00
1000,0,18.84,-1.00
1000,0,21.28,-1.00
1000,0,16.41,-1.00
0,1000,-1.00,19.53
1000,0,22.90,-1.00
1000,0,24.02,-1.00
1000,0,19.85,-1.00
1000,0,17.79,-1.00
1000,0,26.89,-1.00
1000,0,16.95,-1.00
1000,0,18.20,-1.00
0,1000,-1.00,20.09
0,1000,-1.00,22.12
1000,0,16.51,-1.00
1000,0,16.31,-1.00
1000,0,31.16,-1.00
1000,0,21.51,-1.00
1000,0,17.48,-1.00
0,1000,-1.00,23.18
1000,0,17.97,-1.00
1000,0,16.76,-1.00
1000,0,15.80,-1.00
1000,0,22.41,-1.00
1000,0,14.82,-1.00
0,1000,-1.00,28.10
1000,0,20.11,-1.00
1000,0,17.83,-1.00
1000,0,27.68,-1.00
0,1000,-1.00,22.53
0,1000,-1.00,19.07
1000,0,19.76,-1.00
1000,0,27.53,-1.00
1000,0,19.81,-1.00
0,1000,-1.00,25.78
1000,0,32.43,-1.00
1000,0,28.27,-1.00
0,1000,-1.00,19.81
0,1000,-1.00,22.13
0,1000,-1.00,20.65
1000,0,21.75,-1.00
1000,0,21.73,-1.00
0,1000,-1.00,30.59
0,1000,-1.00,19.85
1000,0,20.73,-1.00
1000,0,22.52,-1.00
1000,0,24.82,-1.00
1000,0,23.98,-1.00
1000,0,21.03,-1.00
1000,0,25.52,-1.00
1000,0,22.84,-1.00
1000,0,21.85,-1.00
1000,0,18.08,-1.00
0,1000,-1.00,22.18
1000,0,20.26,-1.00
1000,0,13.31,-1.00
1000,0,22.38,-1.00
0,1000,-1.00,22.25
1000,0,16.69,-1.00
1000,0,26.33,-1.00
1000,0,17.77,-1.00
1000,0,16.29,-1.00
0,1000,-1.00,45.94
1000,0,21.17,-1.00
1000,0,14.62,-1.00
1000,0,16.28,-1.00
1000,0,15.70,-1.00
1000,0,22.74,-1.00
1000,0,16.27,-1.00
1000,0,33.54,-1.00
1000,0,29.77,-1.00
1000,0,20.62,-1.00
1000,0,21.21,-1.00
0,1000,-1.00,29.25
0,1000,-1.00,22.58
1000,0,20.82,-1.00
1000,0,16.61,-1.00
1000,0,24.76,-1.00
1000,0,18.94,-1.00
0,1000,-1.00,19.88
1000,0,21.60,-1.00
1000,0,17.84,-1.00
0,1000,-1.00,24.82
1000,0,29.96,-1.00
1000,0,17.09,-1.00
0,1000,-1.00,23.60
1000,0,16.08,-1.00
1000,0,23.66,-1.00
0,1000,-1.00,26.50
1000,0,20.18,-1.00
0,1000,-1.00,35.45
1000,0,15.65,-1.00
1000,0,24.50,-1.00
0,1000,-1.00,32.06
0,1000,-1.00,21.37
0,1000,-1.00,29.86
0,1000,-1.00,23.81
0,1000,-1.00,24.64
1000,0,29.57,-1.00
1000,0,17.65,-1.00
1000,0,18.20,-1.00
1000,0,15.49,-1.00
1000,0,23.28,-1.00
1000,0,14.84,-1.00
1000,0,26.10,-1.00
1000,0,18.55,-1.00
1000,0,23.23,-1.00
1000,0,20.12,-1.00
1000,0,20.58,-1.00
1000,0,18.45,-1.00
1000,0,26.98,-1.00
1000,0,20.31,-1.00
1000,0,17.52,-1.00
1000,0,14.61,-1.00
0,1000,-1.00,21.94
1000,0,19.56,-1.00
0,1000,-1.00,34.92
1000,0,18.76,-1.00
1000,0,28.07,-1.00
1000,0,16.34,-1.00
1000,0,16.52,-1.00
1000,0,29.72,-1.00
0,1000,-1.00,36.36
1000,0,13.92,-1.00
1000,0,19.53,-1.00
1000,0,17.32,-1.00
1000,0,14.28,-1.00
0,1000,-1.00,31.41
0,1000,-1.00,21.91
1000,0,21.98,-1.00
1000,0,15.88,-1.00
0,1000,-1.00,29.18
0,1000,-1.00,45.08
1000,0,20.24,-1.00
0,1000,-1.00,18.96
1000,0,14.58,-1.00
0,1000,-1.00,28.64
1000,0,15.20,-1.00
1000,0,14.70,-1.00
1000,0,36.06,-1.00
1000,0,18.81,-1.00
1000,0,14.94,-1.00
0,1000,-1.00,21.24
1000,0,24.82,-1.00
1000,0,24.58,-1.00
1000,0,20.39,-1.00
1000,0,15.58,-1.00
1000,0,19.47,-1.00
1000,0,20.56,-1.00
1000,0,16.71,-1.00
1000,0,15.12,-1.00
1000,0,24.51,-1.00
1000,0,14.13,-1.00
1000,0,16.40,-1.00
1000,0,14.19,-1.00
1000,0,18.16,-1.00
1000,0,16.75,-1.00
1000,0,18.81,-1.00
0,1000,-1.00,23.02
1000,0,22.30,-1.00
1000,0,17.77,-1.00
0,1000,-1.00,23.40
0,1000,-1.00,22.12
1000,0,16.51,-1.00
1000,0,22.44,-1.00
1000,0,17.19,-1.00
0,1000,-1.00,30.42
0,1000,-1.00,24.47
1000,0,17.70,-1.00
1000,0,25.01,-1.00
1000,0,17.69,-1.00
0,1000,-1.00,25.61
1000,0,19.90,-1.00
0,1000,-1.00,18.83
1000,0,20.11,-1.00
0,1000,-1.00,25.93
1000,0,17.11,-1.00
1000,0,19.86,-1.00
0,1000,-1.00,16.46
1000,0,23.45,-1.00
1000,0,21.39,-1.00
1000,0,20.93,-1.00
1000,0,25.01,-1.00
1000,0,23.55,-1.00
1000,0,21.06,-1.00
1000,0,28.74,-1.00
1000,0,18.36,-1.00
1000,0,18.85,-1.00
0,1000,-1.00,22.27
1000,0,21.34,-1.00
1000,0,21.30,-1.00
1000,0,22.49,-1.00
0,1000,-1.00,24.20
1000,0,12.28,-1.00
0,1000,-1.00,23.72
1000,0,23.93,-1.00
1000,0,16.57,-1.00
1000,0,21.36,-1.00
1000,0,26.00,-1.00
1000,0,19.26,-1.00
1000,0,46.08,-1.00
1000,0,15.54,-1.00
1000,0,15.77,-1.00
0,1000,-1.00,24.03
1000,0,19.98,-1.00
1000,0,18.14,-1.00
1000,0,21.61,-1.00
1000,0,23.49,-1.00
0,1000,-1.00,38.86
1000,0,27.03,-1.00
1000,0,30.50,-1.00
1000,0,15.94,-1.00
1000,0,18.69,-1.00
1000,0,27.96,-1.00
1000,0,22.06,-1.00
0,1000,-1.00,27.57
1000,0,18.40,-1.00
1000,0,28.56,-1.00
1000,0,21.53,-1.00
1000,0,15.91,-1.00
1000,0,26.83,-1.00
0,1000,-1.00,25.63
1000,0,25.76,-1.00
1000,0,21.19,-1.00
1000,0,16.58,-1.00
1000,0,24.91,-1.00
1000,0,26.01,-1.00
0,1000,-1.00,15.21
1000,0,16.05,-1.00
1000,0,28.31,-1.00
0,1000,-1.00,31.84
0,1000,-1.00,28.97
1000,0,14.44,-1.00
1000,0,25.51,-1.00
1000,0,22.68,-1.00
1000,0,22.03,-1.00
1000,0,17.31,-1.00
0,1000,-1.00,31.18
1000,0,42.09,-1.00
1000,0,28.17,-1.00
1000,0,19.05,-1.00
1000,0,16.94,-1.00
1000,0,17.94,-1.00
0,1000,-1.00,22.72
1000,0,25.55,-1.00
0,1000,-1.00,20.82
1000,0,21.23,-1.00
1000,0,20.80,-1.00
1000,0,15.51,-1.00
1000,0,23.51,-1.00
1000,0,33.56,-1.00
1000,0,16.30,-1.00
1000,0,22.56,-1.00
1000,0,16.96,-1.00
1000,0,12.24,-1.00
0,1000,-1.00,26.97
0,1000,-1.00,35.25
0,1000,-1.00,23.38
1000,0,20.48,-1.00
1000,0,24.74,-1.00
1000,0,13.93,-1.00
1000,0,31.25,-1.00
1000,0,25.96,-1.00
1000,0,14.69,-1.00
1000,0,25.83,-1.00
1000,0,15.69,-1.00
0,1000,-1.00,18.51
1000,0,17.71,-1.00
1000,0,43.12,-1.00
1000,0,19.23,-1.00
1000,0,23.44,-1.00
0,1000,-1.00,23.44
1000,0,17.81,-1.00
1000,0,20.55,-1.00
1000,0,24.66,-1.00
1000,0,29.60,-1.00
1000,0,16.52,-1.00
0,1000,-1.00,23.47
1000,0,23.74,-1.00
1000,0,19.11,-1.00
1000,0,16.28,-1.00
1000,0,15.96,-1.00
0,1000,-1.00,27.98
0,1000,-1.00,19.46
1000,0,20.55,-1.00
1000,0,23.23,-1.00
1000,0,21.25,-1.00
1000,0,17.29,-1.00
1000,0,15.80,-1.00
0,1000,-1.00,37.97
1000,0,18.82,-1.00
1000,0,16.53,-1.00
1000,0,15.65,-1.00
0,1000,-1.00,23.53
1000,0,17.61,-1.00
1000,0,17.55,-1.00
1000,0,24.09,-1.00
1000,0,18.46,-1.00
1000,0,21.06,-1.00
0,1000,-1.00,24.01
1000,0,18.56,-1.00
0,1000,-1.00,27.27
1000,0,15.97,-1.00
0,1000,-1.00,23.39
0,1000,-1.00,18.18
1000,0,19.49,-1.00
1000,0,40.61,-1.00
1000,0,18.10,-1.00
1000,0,27.28,-1.00
1000,0,21.16,-1.00
1000,0,35.01,-1.00
1000,0,19.78,-1.00
1000,0,18.45,-1.00
1000,0,15.03,-1.00
1000,0,18.65,-1.00
0,1000,-1.00,26.52
1000,0,20.03,-1.00
1000,0,17.45,-1.00
1000,0,27.64,-1.00
0,1000,-1.00,19.94
0,1000,-1.00,19.58
1000,0,15.55,-1.00
1000,0,24.06,-1.00
1000,0,16.85,-1.00
1000,0,23.83,-1.00
1000,0,28.65,-1.00
1000,0,24.58,-1.00
1000,0,23.89,-1.00
0,1000,-1.00,26.34
1000,0,23.14,-1.00
1000,0,18.51,-1.00
1000,0,21.82,-1.00
0,1000,-1.00,16.71
1000,0,18.90,-1.00
1000,0,19.19,-1.00
1000,0,16.50,-1.00
1000,0,24.84,-1.00
1000,0,22.29,-1.00
0,1000,-1.00,23.08
1000,0,22.59,-1.00
1000,0,27.99,-1.00
1000,0,19.13,-1.00
1000,0,18.48,-1.00
0,1000,-1.00,25.59
0,1000,-1.00,18.07
1000,0,20.27,-1.00
0,1000,-1.00,20.61
0,1000,-1.00,22.87
1000,0,18.63,-1.00
1000,0,22.93,-1.00
1000,0,32.34,-1.00
1000,0,19.27,-1.00
0,1000,-1.00,24.29
1000,0,25.95,-1.00
1000,0,22.85,-1.00
1000,0,16.39,-1.00
1000,0,23.39,-1.00
0,1000,-1.00,15.73
0,1000,-1.00,27.22
1000,0,16.17,-1.00
1000,0,16.89,-1.00
1000,0,17.26,-1.00
1000,0,14.59,-1.00
1000,0,17.10,-1.00
1000,0,21.94,-1.00
1000,0,19.38,-1.00
1000,0,26.54,-1.00
1000,0,25.36,-1.00
0,1000,-1.00,21.52
1000,0,20.94,-1.00
1000,0,30.36,-1.00
1000,0,30.89,-1.00
0,1000,-1.00,17.95
1000,0,20.69,-1.00
1000,0,16.76,-1.00
1000,0,15.45,-1.00
1000,0,18.04,-1.00
1000,0,18.77,-1.00
0,1000,-1.00,25.05
0,1000,-1.00,21.26
1000,0,24.08,-1.00
0,1000,-1.00,21.48
1000,0,21.89,-1.00
1000,0,21.90,-1.00
1000,0,23.81,-1.00
1000,0,30.29,-1.00
0,1000,-1.00,25.10
0,1000,-1.00,20.46
1000,0,20.56,-1.00
0,1000,-1.00,20.82
1000,0,22.16,-1.00
1000,0,18.93,-1.00
1000,0,18.97,-1.00
1000,0,17.95,-1.00
0,1000,-1.00,16.62
0,1000,-1.00,28.97
1000,0,14.95,-1.00
1000,0,18.97,-1.00
1000,0,17.40,-1.00
0,1000,-1.00,34.00
1000,0,15.92,-1.00
1000,0,19.56,-1.00
1000,0,24.15,-1.00
1000,0,19.82,-1.00
1000,0,18.25,-1.00
0,1000,-1.00,23.54
1000,0,36.99,-1.00
0,1000,-1.00,19.17
0,1000,-1.00,28.76
1000,0,28.15,-1.00
1000,0,25.34,-1.00
1000,0,21.20,-1.00
0,1000,-1.00,30.94
1000,0,24.18,-1.00
1000,0,16.31,-1.00
1000,0,23.44,-1.00
0,1000,-1.00,28.93
0,1000,-1.00,20.31
1000,0,17.68,-1.00
1000,0,18.64,-1.00
1000,0,12.94,-1.00
1000,0,15.10,-1.00
1000,0,16.69,-1.00
1000,0,14.90,-1.00
1000,0,17.97,-1.00
1000,0,12.24,-1.00
0,1000,-1.00,18.84
0,1000,-1.00,18.61
1000,0,22.31,-1.00
1000,0,14.31,-1.00
0,1000,-1.00,21.71
1000,0,22.87,-1.00
1000,0,17.54,-1.00
1000,0,20.27,-1.00
1000,0,22.56,-1.00
1000,0,17.54,-1.00
1000,0,23.86,-1.00
1000,0,12.90,-1.00
1000,0,22.53,-1.00
1000,0,24.50,-1.00
1000,0,17.55,-1.00
1000,0,13.77,-1.00
1000,0,20.42,-1.00
0,1000,-1.00,19.95
0,1000,-1.00,24.43
0,1000,-1.00,29.66
1000,0,18.49,-1.00
1000,0,20.59,-1.00
0,1000,-1.00,23.06
1000,0,17.80,-1.00
1000,0,22.05,-1.00
1000,0,18.41,-1.00
0,1000,-1.00,26.78
1000,0,20.85,-1.00
1000,0,16.78,-1.00
0,1000,-1.00,31.49
0,1000,-1.00,22.74
1000,0,20.49,-1.00
1000,0,20.64,-1.00
1000,0,26.11,-1.00
1000,0,19.60,-1.00
0,1000,-1.00,21.81
0,1000,-1.00,18.41
1000,0,24.18,-1.00
1000,0,16.71,-1.00
1000,0,21.19,-1.00
1000,0,30.70,-1.00
1000,0,13.33,-1.00
0,1000,-1.00,14.80
1000,0,20.76,-1.00
1000,0,13.08,-1.00
0,1000,-1.00,25.99
1000,0,16.28,-1.00
0,1000,-1.00,40.41
0,1000,-1.00,24.98
1000,0,21.46,-1.00
1000,0,23.87,-1.00
1000,0,15.81,-1.00
1000,0,23.16,-1.00
0,1000,-1.00,20.40
0,1000,-1.00,31.51
1000,0,24.91,-1.00
0,1000,-1.00,18.42
1000,0,14.23,-1.00
0,1000,-1.00,23.99
0,1000,-1.00,21.92
1000,0,22.10,-1.00
0,1000,-1.00,19.78
1000,0,22.92,-1.00
0,1000,-1.00,19.95
0,1000,-1.00,27.08
1000,0,23.00,-1.00
1000,0,19.19,-1.00
1000,0,19.95,-1.00
1000,0,26.35,-1.00
0,1000,-1.00,22.61
1000,0,30.69,-1.00
0,1000,-1.00,28.68
0,1000,-1.00,38.16
1000,0,24.12,-1.00
1000,0,23.36,-1.00
1000,0,16.95,-1.00
1000,0,18.38,-1.00
1000,0,23.31,-1.00
1000,0,15.15,-1.00
1000,0,24.83,-1.00
1000,0,24.42,-1.00
1000,0,19.18,-1.00
0,1000,-1.00,18.62
1000,0,25.83,-1.00
1000,0,21.49,-1.00
1000,0,16.86,-1.00
0,1000,-1.00,24.83
1000,0,18.53,-1.00
1000,0,19.46,-1.00
1000,0,16.50,-1.00
1000,0,25.84,-1.00
1000,0,31.13,-1.00
1000,0,35.03,-1.00
1000,0,24.39,-1.00
1000,0,21.59,-1.00
0,1000,-1.00,32.36
1000,0,15.77,-1.00
0,1000,-1.00,26.29
1000,0,24.66,-1.00
0,1000,-1.00,24.65
1000,0,15.41,-1.00
0,1000,-1.00,27.23
1000,0,28.77,-1.00
1000,0,29.38,-1.00
1000,0,21.63,-1.00
1000,0,16.81,-1.00
1000,0,22.88,-1.00
1000,0,21.85,-1.00
1000,0,13.39,-1.00
1000,0,22.71,-1.00
1000,0,34.99,-1.00
1000,0,16.53,-1.00
1000,0,18.12,-1.00
1000,0,23.25,-1.00
0,1000,-1.00,22.94
1000,0,19.67,-1.00
1000,0,21.80,-1.00
1000,0,15.68,-1.00
1000,0,24.70,-1.00
1000,0,19.39,-1.00
1000,0,18.03,-1.00
1000,0,18.36,-1.00
0,1000,-1.00,18.42
1000,0,17.00,-1.00
0,1000,-1.00,23.29
1000,0,28.92,-1.00
0,1000,-1.00,31.95
1000,0,23.59,-1.00
1000,0,21.23,-1.00
1000,0,20.98,-1.00
0,1000,-1.00,23.74
0,1000,-1.00,24.29
0,1000,-1.00,21.00
0,1000,-1.00,15.89
0,1000,-1.00,15.69
1000,0,13.08,-1.00
1000,0,16.77,-1.00
1000,0,17.38,-1.00
1000,0,29.98,-1.00
1000,0,22.37,-1.00
1000,0,19.04,-1.00
1000,0,20.33,-1.00
1000,0,29.45,-1.00
0,1000,-1.00,28.32
0,1000,-1.00,20.40
1000,0,18.20,-1.00
1000,0,19.94,-1.00
1000,0,18.10,-1.00
1000,0,14.75,-1.00
0,1000,-1.00,32.24
1000,0,19.77,-1.00
1000,0,18.31,-1.00
1000,0,18.83,-1.00
0,1000,-1.00,31.50
1000,0,30.22,-1.00
0,1000,-1.00,25.15
0,1000,-1.00,25.71
0,1000,-1.00,22.95
1000,0,15.88,-1.00
0,1000,-1.00,20.00
0,1000,-1.00,24.93
0,1000,-1.00,20.84
1000,0,22.06,-1.00
1000,0,20.11,-1.00
1000,0,13.98,-1.00
1000,0,36.56,-1.00
0,1000,-1.00,35.29
0,1000,-1.00,26.69
0,1000,-1.00,21.04
1000,0,32.97,-1.00
1000,0,16.64,-1.00
1000,0,25.53,-1.00
0,1000,-1.00,14.73
1000,0,20.32,-1.00
1000,0,26.66,-1.00
1000,0,15.24,-1.00
1000,0,24.97,-1.00
0,1000,-1.00,18.45
0,1000,-1.00,18.21
1000,0,20.55,-1.00
1000,0,12.21,-1.00
0,1000,-1.00,22.55
0,1000,-1.00,25.85
1000,0,17.40,-1.00
1000,0,21.01,-1.00
1000,0,17.28,-1.00
1000,0,20.14,-1.00
0,1000,-1.00,19.99
1000,0,14.56,-1.00
0,1000,-1.00,37.08
1000,0,15.74,-1.00
1000,0,26.96,-1.00
1000,0,29.13,-1.00
0,1000,-1.00,22.15
1000,0,27.09,-1.00
1000,0,18.18,-1.00
1000,0,18.53,-1.00
0,1000,-1.00,24.44
1000,0,20.37,-1.00
1000,0,21.91,-1.00
1000,0,42.32,-1.00
1000,0,21.29,-1.00
1000,0,25.56,-1.00
1000,0,23.68,-1.00
1000,0,17.98,-1.00
1000,0,17.97,-1.00
1000,0,28.24,-1.00
1000,0,20.27,-1.00
1000,0,12.55,-1.00
1000,0,17.97,-1.00
0,1000,-1.00,23.41
1000,0,21.86,-1.00
1000,0,15.59,-1.00
0,1000,-1.00,33.51
0,1000,-1.00,24.20
1000,0,17.96,-1.00
1000,0,26.11,-1.00
1000,0,21.27,-1.00
1000,0,15.46,-1.00
1000,0,26.19,-1.00
1000,0,18.45,-1.00
0,1000,-1.00,27.65
1000,0,14.78,-1.00
1000,0,18.45,-1.00
1000,0,14.19,-1.00
1000,0,17.33,-1.00
0,1000,-1.00,19.69
1000,0,15.36,-1.00
1000,0,18.34,-1.00
1000,0,24.04,-1.00
1000,0,21.05,-1.00
0,1000,-1.00,19.65
1000,0,14.23,-1.00
0,1000,-1.00,20.99
1000,0,17.91,-1.00
1000,0,18.86,-1.00
0,1000,-1.00,31.65
0,1000,-1.00,19.09
1000,0,24.95,-1.00
1000,0,21.91,-1.00
1000,0,15.40,-1.00
1000,0,20.14,-1.00
0,1000,-1.00,32.01
1000,0,25.74,-1.00
0,1000,-1.00,17.67
1000,0,24.78,-1.00
1000,0,18.71,-1.00
1000,0,17.94,-1.00
1000,0,30.10,-1.00
1000,0,20.27,-1.00
0,1000,-1.00,19.69
0,1000,-1.00,25.95
1000,0,18.38,-1.00
1000,0,25.96,-1.00
1000,0,26.50,-1.00
1000,0,27.06,-1.00
1000,0,18.72,-1.00
0,1000,-1.00,21.53
1000,0,19.09,-1.00
1000,0,20.98,-1.00
0,1000,-1.00,23.09
1000,0,20.90,-1.00
0,1000,-1.00,22.75
1000,0,17.75,-1.00
1000,0,15.28,-1.00
0,1000,-1.00,30.96
1000,0,24.62,-1.00
0,1000,-1.00,25.76
1000,0,33.15,-1.00
1000,0,14.94,-1.00
0,1000,-1.00,21.47
1000,0,26.11,-1.00
1000,0,22.79,-1.00
1000,0,15.18,-1.00
0,1000,-1.00,33.29
1000,0,21.00,-1.00
1000,0,15.83,-1.00
1000,0,19.83,-1.00
1000,0,23.28,-1.00
1000,0,26.17,-1.00
1000,0,25.82,-1.00
1000,0,25.56,-1.00
1000,0,29.83,-1.00
0,1000,-1.00,23.31
1000,0,17.60,-1.00
1000,0,26.92,-1.00
1000,0,12.87,-1.00
1000,0,28.16,-1.00
1000,0,27.45,-1.00
1000,0,19.06,-1.00
1000,0,16.00,-1.00
1000,0,21.47,-1.00
1000,0,28.13,-1.00
1000,0,29.99,-1.00
0,1000,-1.00,25.76
1000,0,20.98,-1.00
0,1000,-1.00,31.95
1000,0,26.52,-1.00
1000,0,18.98,-1.00
1000,0,19.01,-1.00
1000,0,22.49,-1.00
1000,0,17.07,-1.00
0,1000,-1.00,20.00
1000,0,29.22,-1.00
1000,0,20.27,-1.00
1000,0,16.81,-1.00
1000,0,16.85,-1.00
0,1000,-1.00,19.61
0,1000,-1.00,21.92
1000,0,26.85,-1.00
1000,0,19.08,-1.00
0,1000,-1.00,25.27
1000,0,23.72,-1.00
1000,0,20.20,-1.00
1000,0,15.72,-1.00
0,1000,-1.00,21.29
1000,0,18.08,-1.00
1000,0,20.15,-1.00
0,1000,-1.00,23.77
0,1000,-1.00,15.46
1000,0,30.02,-1.00
1000,0,16.86,-1.00
1000,0,18.57,-1.00
0,1000,-1.00,47.99
1000,0,18.39,-1.00
0,1000,-1.00,19.55
1000,0,29.17,-1.00
0,1000,-1.00,25.84
1000,0,46.57,-1.00
1000,0,14.70,-1.00
1000,0,19.25,-1.00
0,1000,-1.00,22.85
0,1000,-1.00,26.67
1000,0,37.75,-1.00
1000,0,16.36,-1.00
1000,0,29.25,-1.00
0,1000,-1.00,25.30
1000,0,22.95,-1.00
1000,0,13.09,-1.00
0,1000,-1.00,25.12
1000,0,22.75,-1.00
1000,0,21.67,-1.00
1000,0,20.06,-1.00
1000,0,19.29,-1.00
1000,0,20.88,-1.00
0,1000,-1.00,23.75
1000,0,18.43,-1.00
1000,0,31.81,-1.00
1000,0,19.69,-1.00
1000,0,14.64,-1.00
1000,0,22.12,-1.00
1000,0,16.80,-1.00
0,1000,-1.00,18.60
0,1000,-1.00,23.01
1000,0,23.01,-1.00
1000,0,22.45,-1.00
1000,0,17.80,-1.00
0,1000,-1.00,18.90
1000,0,14.39,-1.00
1000,0,23.76,-1.00
0,1000,-1.00,16.93
1000,0,20.09,-1.00
1000,0,17.59,-1.00
1000,0,15.47,-1.00
1000,0,23.12,-1.00
1000,0,19.17,-1.00
1000,0,18.13,-1.00
1000,0,19.45,-1.00
1000,0,18.45,-1.00
1000,0,21.74,-1.00
1000,0,14.43,-1.00
1000,0,21.09,-1.00
1000,0,16.74,-1.00
1000,0,14.05,-1.00
1000,0,30.58,-1.00
0,1000,-1.00,19.29
1000,0,19.60,-1.00
1000,0,18.06,-1.00
1000,0,23.83,-1.00
1000,0,19.39,-1.00
1000,0,17.54,-1.00
1000,0,31.56,-1.00
1000,0,20.46,-1.00
0,1000,-1.00,24.02
1000,0,26.97,-1.00
1000,0,18.68,-1.00
1000,0,23.34,-1.00
1000,0,17.03,-1.00
1000,0,40.06,-1.00
1000,0,23.29,-1.00
1000,0,18.70,-1.00
0,1000,-1.00,21.83
1000,0,16.13,-1.00
0,1000,-1.00,35.73
1000,0,20.78,-1.00
1000,0,21.82,-1.00
1000,0,27.52,-1.00
0,1000,-1.00,23.92
1000,0,34.74,-1.00
1000,0,20.66,-1.00
1000,0,32.33,-1.00
1000,0,17.74,-1.00
1000,0,20.84,-1.00
1000,0,21.09,-1.00
1000,0,22.05,-1.00
1000,0,14.23,-1.00
1000,0,20.24,-1.00
1000,0,17.05,-1.00
0,1000,-1.00,21.62
1000,0,22.82,-1.00
1000,0,23.13,-1.00
1000,0,28.24,-1.00
1000,0,25.22,-1.00
1000,0,29.27,-1.00
1000,0,20.98,-1.00
0,1000,-1.00,18.92
1000,0,26.31,-1.00
1000,0,19.41,-1.00
1000,0,19.94,-1.00
1000,0,21.02,-1.00
1000,0,24.26,-1.00
1000,0,25.17,-1.00
1000,0,16.05,-1.00
1000,0,17.39,-1.00
1000,0,21.21,-1.00
0,1000,-1.00,29.18
0,1000,-1.00,18.10
1000,0,21.43,-1.00
1000,0,23.76,-1.00
1000,0,27.06,-1.00
1000,0,18.11,-1.00
1000,0,20.03,-1.00
0,1000,-1.00,22.36
0,1000,-1.00,20.45
1000,0,14.72,-1.00
1000,0,20.20,-1.00
1000,0,20.75,-1.00
0,1000,-1.00,27.49
0,1000,-1.00,21.04
0,1000,-1.00,21.84
0,1000,-1.00,19.56
0,1000,-1.00,20.72
1000,0,42.59,-1.00
1000,0,26.23,-1.00
1000,0,13.36,-1.00
1000,0,16.58,-1.00
1000,0,16.87,-1.00
1000,0,23.16,-1.00
1000,0,19.67,-1.00
1000,0,19.29,-1.00
1000,0,17.99,-1.00
1000,0,19.83,-1.00
0,1000,-1.00,22.36
1000,0,19.10,-1.00
1000,0,18.58,-1.00
1000,0,21.56,-1.00
1000,0,19.36,-1.00
0,1000,-1.00,29.67
1000,0,22.93,-1.00
1000,0,25.43,-1.00
1000,0,15.19,-1.00
1000,0,19.97,-1.00
1000,0,24.86,-1.00
1000,0,20.08,-1.00
1000,0,17.47,-1.00
1000,0,21.84,-1.00
1000,0,28.18,-1.00
1000,0,14.44,-1.00
1000,0,31.17,-1.00
1000,0,23.72,-1.00
1000,0,22.12,-1.00
1000,0,14.87,-1.00
1000,0,18.44,-1.00
1000,0,28.30,-1.00
0,1000,-1.00,26.02
1000,0,27.89,-1.00
1000,0,14.38,-1.00
1000,0,23.46,-1.00
1000,0,14.89,-1.00
1000,0,16.51,-1.00
0,1000,-1.00,23.11
1000,0,20.76,-1.00
1000,0,17.38,-1.00
1000,0,22.79,-1.00
1000,0,19.55,-1.00
1000,0,32.44,-1.00
1000,0,21.65,-1.00
0,1000,-1.00,33.40
1000,0,21.68,-1.00
1000,0,16.39,-1.00
0,1000,-1.00,22.02
1000,0,29.61,-1.00
1000,0,26.36,-1.00
1000,0,21.18,-1.00
1000,0,20.71,-1.00
0,1000,-1.00,24.96
1000,0,27.14,-1.00
1000,0,19.28,-1.00
0,1000,-1.00,20.20
1000,0,13.55,-1.00
0,1000,-1.00,18.85
1000,0,16.26,-1.00
1000,0,23.90,-1.00
1000,0,25.08,-1.00
1000,0,16.90,-1.00
1000,0,19.57,-1.00
1000,0,24.81,-1.00
1000,0,15.24,-1.00
1000,0,16.12,-1.00
1000,0,29.28,-1.00
0,1000,-1.00,18.96
1000,0,27.03,-1.00
1000,0,28.43,-1.00
0,1000,-1.00,42.30
1000,0,17.19,-1.00
1000,0,15.66,-1.00
1000,0,14.76,-1.00
1000,0,19.67,-1.00
0,1000,-1.00,14.20
1000,0,24.29,-1.00
1000,0,18.86,-1.00
0,1000,-1.00,24.83
1000,0,15.62,-1.00
1000,0,19.75,-1.00
0,1000,-1.00,20.59
1000,0,31.59,-1.00
1000,0,31.20,-1.00
1000,0,27.38,-1.00
1000,0,25.82,-1.00
1000,0,22.91,-1.00
1000,0,18.35,-1.00
1000,0,19.76,-1.00
0,1000,-1.00,22.73
1000,0,20.29,-1.00
0,1000,-1.00,20.29
0,1000,-1.00,20.27
0,1000,-1.00,27.41
1000,0,18.95,-1.00
1000,0,17.66,-1.00
0,1000,-1.00,23.35
1000,0,28.22,-1.00
1000,0,16.40,-1.00
1000,0,18.98,-1.00
0,1000,-1.00,25.33
1000,0,18.98,-1.00
1000,0,23.39,-1.00
1000,0,30.77,-1.00
1000,0,29.10,-1.00
1000,0,29.92,-1.00
1000,0,16.77,-1.00
1000,0,23.69,-1.00
1000,0,13.38,-1.00
1000,0,22.73,-1.00
1000,0,17.57,-1.00
1000,0,15.64,-1.00
1000,0,17.66,-1.00
1000,0,15.38,-1.00
0,1000,-1.00,21.74
1000,0,25.65,-1.00
1000,0,27.97,-1.00
1000,0,18.53,-1.00
1000,0,19.32,-1.00
1000,0,22.95,-1.00
1000,0,16.91,-1.00
1000,0,15.34,-1.00
1000,0,13.24,-1.00
1000,0,15.14,-1.00
1000,0,16.18,-1.00
1000,0,19.20,-1.00
1000,0,18.03,-1.00
1000,0,26.57,-1.00
1000,0,29.17,-1.00
1000,0,24.75,-1.00
1000,0,22.70,-1.00
1000,0,18.20,-1.00
1000,0,19.56,-1.00
1000,0,16.20,-1.00
1000,0,20.20,-1.00
1000,0,30.96,-1.00
1000,0,27.73,-1.00
1000,0,20.71,-1.00
1000,0,15.31,-1.00
1000,0,23.21,-1.00
1000,0,21.01,-1.00
0,1000,-1.00,26.25
0,1000,-1.00,17.96
1000,0,21.45,-1.00
1000,0,20.10,-1.00
0,1000,-1.00,19.32
0,1000,-1.00,25.78
1000,0,18.01,-1.00
1000,0,22.24,-1.00
0,1000,-1.00,21.22
0,1000,-1.00,21.52
1000,0,21.57,-1.00
0,1000,-1.00,29.88
1000,0,27.09,-1.00
1000,0,18.30,-1.00
0,1000,-1.00,24.10
1000,0,14.29,-1.00
1000,0,37.26,-1.00
1000,0,21.49,-1.00
1000,0,23.86,-1.00
1000,0,18.56,-1.00
1000,0,32.69,-1.00
0,1000,-1.00,28.60
1000,0,20.28,-1.00
1000,0,20.35,-1.00
1000,0,34.84,-1.00
0,1000,-1.00,19.02
1000,0,14.79,-1.00
1000,0,20.01,-1.00
1000,0,28.91,-1.00
1000,0,19.48,-1.00
1000,0,32.45,-1.00
0,1000,-1.00,19.09
1000,0,13.98,-1.00
0,1000,-1.00,26.95
1000,0,22.76,-1.00
1000,0,17.61,-1.00
1000,0,18.16,-1.00
1000,0,22.80,-1.00
0,1000,-1.00,27.19
1000,0,28.17,-1.00
1000,0,21.50,-1.00
1000,0,27.07,-1.00
1000,0,34.53,-1.00
0,1000,-1.00,21.01
1000,0,15.03,-1.00
1000,0,15.24,-1.00
1000,0,14.56,-1.00
1000,0,13.06,-1.00
1000,0,22.07,-1.00
1000,0,14.27,-1.00
1000,0,19.57,-1.00
0,1000,-1.00,22.41
1000,0,15.59,-1.00
1000,0,14.58,-1.00
1000,0,22.10,-1.00
0,1000,-1.00,28.27
1000,0,20.21,-1.00
0,1000,-1.00,30.21
1000,0,16.57,-1.00
0,1000,-1.00,21.04
1000,0,13.35,-1.00
0,1000,-1.00,18.70
1000,0,17.36,-1.00
1000,0,17.28,-1.00
1000,0,21.63,-1.00
0,1000,-1.00,18.90
0,1000,-1.00,26.64
1000,0,18.45,-1.00
1000,0,13.35,-1.00
1000,0,27.05,-1.00
1000,0,14.13,-1.00
1000,0,23.72,-1.00
1000,0,30.02,-1.00
1000,0,17.44,-1.00
1000,0,27.32,-1.00
0,1000,-1.00,21.12
1000,0,16.13,-1.00
1000,0,16.14,-1.00
1000,0,18.36,-1.00
1000,0,21.25,-1.00
1000,0,30.50,-1.00
0,1000,-1.00,22.96
1000,0,17.30,-1.00
1000,0,16.02,-1.00
0,1000,-1.00,57.33
1000,0,16.47,-1.00
1000,0,18.08,-1.00
0,1000,-1.00,24.90
1000,0,23.48,-1.00
1000,0,18.90,-1.00
0,1000,-1.00,21.50
1000,0,28.15,-1.00
1000,0,18.21,-1.00
1000,0,19.34,-1.00
1000,0,16.89,-1.00
1000,0,15.14,-1.00
0,1000,-1.00,23.36
0,1000,-1.00,28.78
1000,0,21.67,-1.00
1000,0,18.95,-1.00
1000,0,17.93,-1.00
0,1000,-1.00,32.58
1000,0,18.43,-1.00
0,1000,-1.00,20.92
0,1000,-1.00,16.92
1000,0,16.61,-1.00
0,1000,-1.00,31.74
1000,0,13.21,-1.00
1000,0,21.52,-1.00
1000,0,30.58,-1.00
1000,0,24.20,-1.00
1000,0,19.71,-1.00
0,1000,-1.00,24.60
0,1000,-1.00,35.20
0,1000,-1.00,18.28
1000,0,21.61,-1.00
0,1000,-1.00,28.92
1000,0,30.17,-1.00
1000,0,26.66,-1.00
1000,0,21.90,-1.00
0,1000,-1.00,21.37
0,1000,-1.00,23.05
1000,0,18.34,-1.00
1000,0,11.33,-1.00
1000,0,25.26,-1.00
1000,0,16.47,-1.00
1000,0,21.04,-1.00
1000,0,20.09,-1.00
1000,0,26.51,-1.00
1000,0,23.81,-1.00
1000,0,15.22,-1.00
1000,0,16.84,-1.00
1000,0,19.80,-1.00
1000,0,17.06,-1.00
1000,0,19.74,-1.00
1000,0,15.45,-1.00
0,1000,-1.00,18.94
1000,0,23.05,-1.00
1000,0,28.09,-1.00
0,1000,-1.00,31.08
0,1000,-1.00,29.61
1000,0,21.95,-1.00
0,1000,-1.00,29.91
1000,0,23.83,-1.00
1000,0,26.71,-1.00
1000,0,21.95,-1.00
1000,0,20.13,-1.00
1000,0,17.16,-1.00
0,1000,-1.00,27.18
1000,0,19.29,-1.00
1000,0,23.20,-1.00
1000,0,23.35,-1.00
1000,0,19.90,-1.00
1000,0,22.23,-1.00
1000,0,16.90,-1.00
0,1000,-1.00,27.88
1000,0,15.99,-1.00
1000,0,21.43,-1.00
0,1000,-1.00,56.35
1000,0,18.79,-1.00
1000,0,24.43,-1.00
1000,0,26.31,-1.00
1000,0,18.89,-1.00
1000,0,17.52,-1.00
1000,0,25.80,-1.00
1000,0,19.57,-1.00
1000,0,27.81,-1.00
1000,0,20.55,-1.00
1000,0,17.83,-1.00
1000,0,24.23,-1.00
0,1000,-1.00,25.09
1000,0,17.55,-1.00
0,1000,-1.00,31.27
1000,0,21.00,-1.00
0,1000,-1.00,17.76
1000,0,16.59,-1.00
1000,0,22.38,-1.00
0,1000,-1.00,54.64
0,1000,-1.00,22.08
1000,0,18.22,-1.00
1000,0,26.40,-1.00
1000,0,13.14,-1.00
1000,0,21.44,-1.00
1000,0,18.54,-1.00
0,1000,-1.00,18.84
0,1000,-1.00,17.09
1000,0,19.57,-1.00
1000,0,15.55,-1.00
0,1000,-1.00,15.69
1000,0,24.77,-1.00
1000,0,22.05,-1.00
1000,0,21.63,-1.00
1000,0,18.97,-1.00
1000,0,13.93,-1.00
0,1000,-1.00,17.62
1000,0,15.45,-1.00
1000,0,18.71,-1.00
1000,0,32.92,-1.00
1000,0,15.30,-1.00
1000,0,24.18,-1.00
1000,0,17.00,-1.00
0,1000,-1.00,21.92
1000,0,13.52,-1.00
1000,0,20.53,-1.00
1000,0,20.70,-1.00
1000,0,17.68,-1.00
0,1000,-1.00,29.74
1000,0,16.12,-1.00
1000,0,25.51,-1.00
1000,0,17.43,-1.00
0,1000,-1.00,18.83
1000,0,25.49,-1.00
1000,0,17.62,-1.00
1000,0,33.60,-1.00
1000,0,16.28,-1.00
1000,0,13.39,-1.00
1000,0,22.29,-1.00
0,1000,-1.00,24.14
0,1000,-1.00,17.90
1000,0,16.30,-1.00
1000,0,35.07,-1.00
1000,0,16.72,-1.00
1000,0,31.62,-1.00
0,1000,-1.00,28.07
1000,0,16.42,-1.00
1000,0,20.24,-1.00
0,1000,-1.00,16.59
0,1000,-1.00,29.21
1000,0,15.94,-1.00
1000,0,16.71,-1.00
0,1000,-1.00,17.84
0,1000,-1.00,20.98
1000,0,27.83,-1.00
0,1000,-1.00,19.42
1000,0,12.45,-1.00
1000,0,18.05,-1.00
1000,0,24.72,-1.00
0,1000,-1.00,26.07
1000,0,22.94,-1.00
1000,0,21.62,-1.00
0,1000,-1.00,15.15
0,1000,-1.00,26.47
1000,0,20.60,-1.00
1000,0,17.41,-1.00
0,1000,-1.00,30.59
0,1000,-1.00,44.79
0,1000,-1.00,25.51
1000,0,18.61,-1.00
0,1000,-1.00,22.76
0,1000,-1.00,44.78
1000,0,24.19,-1.00
1000,0,17.90,-1.00
1000,0,24.17,-1.00
1000,0,20.31,-1.00
1000,0,22.75,-1.00
1000,0,27.09,-1.00
1000,0,14.20,-1.00
1000,0,16.50,-1.00
1000,0,16.11,-1.00
0,1000,-1.00,24.23
1000,0,22.80,-1.00
1000,0,19.50,-1.00
0,1000,-1.00,22.87
1000,0,18.13,-1.00
0,1000,-1.00,21.12
1000,0,17.99,-1.00
1000,0,13.03,-1.00
0,1000,-1.00,24.95
1000,0,18.69,-1.00
1000,0,14.48,-1.00
0,1000,-1.00,18.00
1000,0,17.09,-1.00
1000,0,22.08,-1.00
1000,0,26.30,-1.00
0,1000,-1.00,26.17
0,1000,-1.00,22.06
0,1000,-1.00,19.54
1000,0,25.85,-1.00
1000,0,18.33,-1.00
0,1000,-1.00,27.26
1000,0,15.58,-1.00
1000,0,23.62,-1.00
0,1000,-1.00,34.57
1000,0,23.12,-1.00
1000,0,33.26,-1.00
1000,0,20.23,-1.00
1000,0,19.07,-1.00
1000,0,14.55,-1.00
1000,0,20.60,-1.00
1000,0,18.34,-1.00
1000,0,18.28,-1.00
1000,0,21.28,-1.00
1000,0,25.70,-1.00
0,1000,-1.00,19.90
1000,0,26.16,-1.00
1000,0,18.83,-1.00
0,1000,-1.00,28.25
0,1000,-1.00,22.98
1000,0,29.49,-1.00
1000,0,29.96,-1.00
1000,0,23.45,-1.00
1000,0,17.54,-1.00
1000,0,18.13,-1.00
1000,0,16.04,-1.00
1000,0,20.75,-1.00
1000,0,41.90,-1.00
1000,0,18.86,-1.00
1000,0,19.10,-1.00
1000,0,18.78,-1.00
0,1000,-1.00,25.52
1000,0,25.36,-1.00
1000,0,18.56,-1.00
1000,0,19.03,-1.00
1000,0,21.90,-1.00
1000,0,43.50,-1.00
1000,0,16.71,-1.00
1000,0,13.68,-1.00
1000,0,22.64,-1.00
0,1000,-1.00,23.10
1000,0,17.90,-1.00
1000,0,18.19,-1.00
0,1000,-1.00,29.98
1000,0,19.64,-1.00
1000,0,21.80,-1.00
1000,0,17.36,-1.00
0,1000,-1.00,18.46
1000,0,21.49,-1.00
1000,0,14.91,-1.00
0,1000,-1.00,20.94
1000,0,16.04,-1.00
1000,0,20.25,-1.00
0,1000,-1.00,22.71
0,1000,-1.00,29.37
1000,0,24.45,-1.00
1000,0,18.95,-1.00
1000,0,20.43,-1.00
0,1000,-1.00,15.96
1000,0,22.14,-1.00
1000,0,22.09,-1.00
1000,0,15.44,-1.00
1000,0,18.50,-1.00
0,1000,-1.00,22.93
1000,0,19.47,-1.00
0,1000,-1.00,28.00
1000,0,18.47,-1.00
1000,0,14.11,-1.00
1000,0,23.71,-1.00
0,1000,-1.00,16.67
1000,0,15.76,-1.00
1000,0,26.75,-1.00
0,1000,-1.00,23.19
1000,0,14.03,-1.00
1000,0,20.10,-1.00
1000,0,21.95,-1.00
1000,0,21.28,-1.00
1000,0,18.45,-1.00
1000,0,26.99,-1.00
0,1000,-1.00,26.80
1000,0,27.17,-1.00
1000,0,35.13,-1.00
1000,0,20.45,-1.00
1000,0,17.37,-1.00
1000,0,16.87,-1.00
0,1000,-1.00,26.87
0,1000,-1.00,38.73
0,1000,-1.00,24.44
1000,0,24.71,-1.00
1000,0,19.68,-1.00
0,1000,-1.00,17.94
1000,0,23.07,-1.00
1000,0,19.15,-1.00
1000,0,23.80,-1.00
1000,0,18.35,-1.00
1000,0,20.67,-1.00
0,1000,-1.00,17.20
1000,0,25.11,-1.00
1000,0,14.36,-1.00
1000,0,27.20,-1.00
1000,0,25.36,-1.00
1000,0,18.01,-1.00
0,1000,-1.00,24.10
1000,0,16.09,-1.00
1000,0,19.49,-1.00
1000,0,15.14,-1.00
1000,0,22.77,-1.00
1000,0,20.70,-1.00
0,1000,-1.00,31.24
1000,0,29.97,-1.00
1000,0,19.34,-1.00
1000,0,20.59,-1.00
1000,0,16.21,-1.00
1000,0,33.04,-1.00
0,1000,-1.00,18.88
1000,0,32.18,-1.00
0,1000,-1.00,32.15
1000,0,19.64,-1.00
0,1000,-1.00,18.86
0,1000,-1.00,18.72
0,1000,-1.00,21.23
0,1000,-1.00,20.63
1000,0,19.98,-1.00
0,1000,-1.00,22.61
1000,0,20.29,-1.00
1000,0,19.79,-1.00
1000,0,19.43,-1.00
1000,0,20.11,-1.00
1000,0,15.82,-1.00
1000,0,33.00,-1.00
1000,0,15.99,-1.00
1000,0,15.42,-1.00
1000,0,25.86,-1.00
1000,0,24.30,-1.00
0,1000,-1.00,20.79
1000,0,19.45,-1.00
0,1000,-1.00,25.11
1000,0,18.38,-1.00
1000,0,13.89,-1.00
1000,0,24.49,-1.00
0,1000,-1.00,30.10
0,1000,-1.00,25.67
0,1000,-1.00,22.95
1000,0,14.98,-1.00
1000,0,16.25,-1.00
0,1000,-1.00,22.60
1000,0,19.52,-1.00
1000,0,34.08,-1.00
0,1000,-1.00,22.65
1000,0,32.66,-1.00
0,1000,-1.00,26.16
1000,0,16.64,-1.00
1000,0,24.84,-1.00
1000,0,22.41,-1.00
0,1000,-1.00,14.94
0,1000,-1.00,18.41
1000,0,34.38,-1.00
1000,0,18.79,-1.00
1000,0,19.70,-1.00
1000,0,15.59,-1.00
0,1000,-1.00,26.25
1000,0,19.82,-1.00
1000,0,20.88,-1.00
1000,0,22.12,-1.00
0,1000,-1.00,19.83
1000,0,13.23,-1.00
1000,0,19.04,-1.00
1000,0,23.29,-1.00
0,1000,-1.00,42.17
1000,0,24.09,-1.00
1000,0,19.31,-1.00
1000,0,21.15,-1.00
1000,0,26.06,-1.00
1000,0,23.87,-1.00
0,1000,-1.00,39.72
1000,0,15.92,-1.00
1000,0,18.72,-1.00
1000,0,15.35,-1.00
1000,0,19.89,-1.00
0,1000,-1.00,27.51
1000,0,17.44,-1.00
1000,0,15.41,-1.00
1000,0,16.65,-1.00
1000,0,15.29,-1.00
1000,0,21.85,-1.00
1000,0,16.47,-1.00
1000,0,25.15,-1.00
1000,0,25.08,-1.00
1000,0,22.55,-1.00
1000,0,18.70,-1.00
0,1000,-1.00,21.73
0,1000,-1.00,34.45
1000,0,43.41,-1.00
1000,0,33.26,-1.00
0,1000,-1.00,41.95
0,1000,-1.00,18.63
1000,0,28.62,-1.00
1000,0,20.54,-1.00
1000,0,19.92,-1.00
1000,0,19.89,-1.00
0,1000,-1.00,23.73
0,1000,-1.00,22.96
1000,0,23.07,-1.00
1000,0,15.64,-1.00
1000,0,28.89,-1.00
1000,0,16.34,-1.00
1000,0,13.58,-1.00
1000,0,28.67,-1.00
1000,0,37.06,-1.00
1000,0,23.39,-1.00
0,1000,-1.00,20.53
1000,0,25.27,-1.00
0,1000,-1.00,20.68
0,1000,-1.00,30.61
1000,0,19.90,-1.00
0,1000,-1.00,18.95
1000,0,20.23,-1.00
1000,0,16.49,-1.00
0,1000,-1.00,24.45
1000,0,24.93,-1.00
1000,0,15.85,-1.00
1000,0,15.29,-1.00
0,1000,-1.00,26.20
1000,0,33.24,-1.00
1000,0,24.42,-1.00
0,1000,-1.00,24.80
1000,0,19.22,-1.00
1000,0,24.33,-1.00
1000,0,26.00,-1.00
1000,0,19.57,-1.00
0,1000,-1.00,21.95
0,1000,-1.00,30.03
1000,0,15.62,-1.00
1000,0,17.36,-1.00
0,1000,-1.00,18.15
1000,0,16.50,-1.00
1000,0,24.00,-1.00
0,1000,-1.00,29.86
1000,0,15.37,-1.00
1000,0,44.25,-1.00
1000,0,19.79,-1.00
1000,0,15.54,-1.00
0,1000,-1.00,24.09
1000,0,18.42,-1.00
1000,0,29.78,-1.00
1000,0,14.51,-1.00
0,1000,-1.00,19.22
0,1000,-1.00,25.88
1000,0,15.72,-1.00
1000,0,23.21,-1.00
1000,0,13.18,-1.00
1000,0,31.00,-1.00
1000,0,13.98,-1.00
1000,0,15.60,-1.00
1000,0,14.36,-1.00
1000,0,26.94,-1.00
0,1000,-1.00,32.70
0,1000,-1.00,17.81
1000,0,16.69,-1.00
1000,0,21.43,-1.00
1000,0,18.75,-1.00
1000,0,12.42,-1.00
1000,0,17.23,-1.00
1000,0,22.26,-1.00
1000,0,15.85,-1.00
0,1000,-1.00,26.88
1000,0,22.60,-1.00
1000,0,17.30,-1.00
0,1000,-1.00,19.00
1000,0,13.48,-1.00
1000,0,22.64,-1.00
1000,0,26.36,-1.00
1000,0,15.46,-1.00
1000,0,19.83,-1.00
1000,0,13.30,-1.00
1000,0,17.07,-1.00
1000,0,18.14,-1.00
1000,0,14.78,-1.00
1000,0,22.62,-1.00
1000,0,18.04,-1.00
1000,0,26.70,-1.00
1000,0,15.67,-1.00
1000,0,26.50,-1.00
1000,0,26.86,-1.00
1000,0,20.82,-1.00
1000,0,20.98,-1.00
0,1000,-1.00,22.93
1000,0,21.62,-1.00
1000,0,21.47,-1.00
0,1000,-1.00,22.12
1000,0,20.44,-1.00
1000,0,20.58,-1.00
1000,0,22.78,-1.00
0,1000,-1.00,22.34
0,1000,-1.00,24.97
1000,0,25.67,-1.00
1000,0,16.96,-1.00
1000,0,22.52,-1.00
1000,0,21.47,-1.00
1000,0,19.55,-1.00
1000,0,14.87,-1.00
0,1000,-1.00,21.23
1000,0,17.60,-1.00
1000,0,22.22,-1.00
1000,0,19.54,-1.00
1000,0,17.65,-1.00
1000,0,26.31,-1.00
1000,0,14.68,-1.00
1000,0,21.24,-1.00
1000,0,25.06,-1.00
1000,0,23.41,-1.00
1000,0,17.45,-1.00
1000,0,15.76,-1.00
1000,0,16.69,-1.00
1000,0,15.67,-1.00
1000,0,13.88,-1.00
1000,0,22.55,-1.00
1000,0,22.81,-1.00
0,1000,-1.00,26.11
0,1000,-1.00,22.66
0,1000,-1.00,20.86
1000,0,18.97,-1.00
1000,0,17.54,-1.00
1000,0,23.15,-1.00
1000,0,22.63,-1.00
1000,0,30.55,-1.00
1000,0,20.76,-1.00
0,1000,-1.00,16.07
1000,0,15.58,-1.00
0,1000,-1.00,17.13
0,1000,-1.00,28.20
1000,0,21.88,-1.00
1000,0,14.45,-1.00
1000,0,19.52,-1.00
1000,0,20.58,-1.00
1000,0,29.77,-1.00
0,1000,-1.00,15.37
1000,0,38.14,-1.00
1000,0,22.64,-1.00
1000,0,16.26,-1.00
1000,0,24.05,-1.00
0,1000,-1.00,25.83
1000,0,16.66,-1.00
0,1000,-1.00,21.99
1000,0,29.73,-1.00
0,1000,-1.00,28.38
1000,0,18.57,-1.00
1000,0,25.92,-1.00
1000,0,16.67,-1.00
1000,0,39.36,-1.00
1000,0,21.94,-1.00
1000,0,19.13,-1.00
1000,0,20.06,-1.00
1000,0,19.49,-1.00
1000,0,12.75,-1.00
1000,0,15.90,-1.00
0,1000,-1.00,23.00
1000,0,19.20,-1.00
1000,0,20.69,-1.00
1000,0,19.87,-1.00
1000,0,41.80,-1.00
1000,0,17.81,-1.00
1000,0,16.88,-1.00
1000,0,16.77,-1.00
1000,0,19.39,-1.00
1000,0,28.07,-1.00
0,1000,-1.00,28.09
1000,0,12.87,-1.00
1000,0,20.50,-1.00
1000,0,23.37,-1.00
1000,0,19.15,-1.00
0,1000,-1.00,20.62
1000,0,14.67,-1.00
1000,0,23.49,-1.00
1000,0,19.00,-1.00
1000,0,18.23,-1.00
1000,0,20.21,-1.00
1000,0,29.05,-1.00
1000,0,16.72,-1.00
1000,0,18.37,-1.00
1000,0,27.01,-1.00
1000,0,29.19,-1.00
1000,0,12.16,-1.00
1000,0,13.73,-1.00
1000,0,15.42,-1.00
1000,0,20.60,-1.00
0,1000,-1.00,26.89
0,1000,-1.00,21.07
0,1000,-1.00,26.53
1000,0,29.29,-1.00
1000,0,33.61,-1.00
1000,0,30.87,-1.00
1000,0,17.16,-1.00
1000,0,18.76,-1.00
1000,0,17.49,-1.00
1000,0,23.50,-1.00
0,1000,-1.00,20.07
1000,0,15.03,-1.00
0,1000,-1.00,20.93
1000,0,21.34,-1.00
1000,0,20.28,-1.00
0,1000,-1.00,31.52
1000,0,19.24,-1.00
1000,0,35.74,-1.00
1000,0,20.66,-1.00
1000,0,16.00,-1.00
0,1000,-1.00,18.89
1000,0,21.57,-1.00
1000,0,32.84,-1.00
0,1000,-1.00,20.39
1000,0,23.76,-1.00
1000,0,19.10,-1.00
0,1000,-1.00,30.22
1000,0,15.60,-1.00
1000,0,17.87,-1.00
1000,0,17.15,-1.00
1000,0,20.76,-1.00
0,1000,-1.00,13.67
1000,0,20.19,-1.00
1000,0,20.95,-1.00
0,1000,-1.00,19.04
0,1000,-1.00,21.68
1000,0,20.87,-1.00
1000,0,18.20,-1.00
0,1000,-1.00,17.64
1000,0,31.04,-1.00
1000,0,25.18,-1.00
1000,0,18.89,-1.00
1000,0,18.88,-1.00
1000,0,29.21,-1.00
0,1000,-1.00,31.76
1000,0,18.90,-1.00
1000,0,29.67,-1.00
1000,0,23.18,-1.00
1000,0,18.57,-1.00
1000,0,21.38,-1.00
1000,0,28.47,-1.00
1000,0,20.00,-1.00
1000,0,11.47,-1.00
1000,0,18.35,-1.00
0,1000,-1.00,39.08
1000,0,28.12,-1.00
1000,0,19.89,-1.00
1000,0,18.02,-1.00
1000,0,17.19,-1.00
1000,0,16.02,-1.00
1000,0,19.46,-1.00
1000,0,18.64,-1.00
0,1000,-1.00,26.96
1000,0,20.29,-1.00
1000,0,23.23,-1.00
1000,0,16.42,-1.00
1000,0,22.58,-1.00
0,1000,-1.00,26.64
0,1000,-1.00,32.65
1000,0,23.39,-1.00
1000,0,21.60,-1.00
0,1000,-1.00,27.64
0,1000,-1.00,21.68
1000,0,18.51,-1.00
1000,0,15.49,-1.00
1000,0,16.80,-1.00
0,1000,-1.00,32.19
1000,0,15.30,-1.00
1000,0,19.39,-1.00
1000,0,24.35,-1.00
1000,0,17.63,-1.00
1000,0,18.92,-1.00
1000,0,16.58,-1.00
1000,0,17.92,-1.00
1000,0,16.54,-1.00
1000,0,16.44,-1.00
1000,0,14.26,-1.00
1000,0,31.06,-1.00
1000,0,20.54,-1.00
1000,0,16.88,-1.00
1000,0,16.54,-1.00
1000,0,22.87,-1.00
0,1000,-1.00,32.56
1000,0,15.22,-1.00
1000,0,26.38,-1.00
1000,0,54.11,-1.00
1000,0,15.22,-1.00
1000,0,17.87,-1.00
1000,0,24.19,-1.00
0,1000,-1.00,19.75
1000,0,16.03,-1.00
1000,0,17.84,-1.00
0,1000,-1.00,19.87
0,1000,-1.00,19.98
1000,0,18.12,-1.00
1000,0,24.53,-1.00
1000,0,26.18,-1.00
1000,0,15.97,-1.00
1000,0,17.90,-1.00
0,1000,-1.00,24.94
0,1000,-1.00,18.48
1000,0,32.42,-1.00
1000,0,14.23,-1.00
1000,0,19.41,-1.00
1000,0,22.93,-1.00
1000,0,25.40,-1.00
0,1000,-1.00,24.25
0,1000,-1.00,21.37
1000,0,17.59,-1.00
0,1000,-1.00,30.59
1000,0,13.11,-1.00
0,1000,-1.00,17.36
1000,0,20.87,-1.00
1000,0,19.43,-1.00
1000,0,14.54,-1.00
1000,0,27.25,-1.00
1000,0,13.92,-1.00
0,1000,-1.00,25.86
0,1000,-1.00,18.00
1000,0,20.38,-1.00
1000,0,15.97,-1.00
1000,0,19.90,-1.00
1000,0,42.07,-1.00
1000,0,16.83,-1.00
1000,0,17.29,-1.00
0,1000,-1.00,21.73
0,1000,-1.00,19.66
0,1000,-1.00,29.32
0,1000,-1.00,21.22
1000,0,13.96,-1.00
0,1000,-1.00,16.35
1000,0,17.79,-1.00
0,1000,-1.00,31.63
1000,0,19.78,-1.00
1000,0,19.07,-1.00
1000,0,22.14,-1.00
0,1000,-1.00,30.33
0,1000,-1.00,19.64
0,1000,-1.00,22.27
1000,0,22.23,-1.00
1000,0,24.27,-1.00
1000,0,19.31,-1.00
1000,0,25.87,-1.00
1000,0,18.72,-1.00
0,1000,-1.00,53.07
0,1000,-1.00,17.94
1000,0,23.02,-1.00
1000,0,18.59,-1.00
1000,0,18.88,-1.00
1000,0,15.50,-1.00
0,1000,-1.00,23.37
1000,0,28.93,-1.00
0,1000,-1.00,21.68
0,1000,-1.00,27.25
1000,0,24.25,-1.00
0,1000,-1.00,22.17
1000,0,18.03,-1.00
1000,0,15.00,-1.00
1000,0,19.45,-1.00
1000,0,17.87,-1.00
1000,0,26.84,-1.00
1000,0,20.05,-1.00
1000,0,21.28,-1.00
1000,0,23.69,-1.00
1000,0,17.46,-1.00
0,1000,-1.00,20.09
0,1000,-1.00,24.50
1000,0,21.54,-1.00
1000,0,20.80,-1.00
1000,0,23.44,-1.00
1000,0,22.94,-1.00
0,1000,-1.00,20.96
1000,0,18.50,-1.00
1000,0,34.07,-1.00
1000,0,22.05,-1.00
1000,0,31.97,-1.00
1000,0,17.87,-1.00
1000,0,26.51,-1.00
1000,0,18.22,-1.00
0,1000,-1.00,25.65
1000,0,23.80,-1.00
1000,0,20.20,-1.00
1000,0,25.16,-1.00
1000,0,17.61,-1.00
0,1000,-1.00,18.50
1000,0,22.61,-1.00
1000,0,26.85,-1.00
1000,0,23.39,-1.00
1000,0,13.00,-1.00
1000,0,18.12,-1.00
0,1000,-1.00,17.18
1000,0,20.11,-1.00
0,1000,-1.00,23.88
1000,0,15.89,-1.00
1000,0,15.69,-1.00
1000,0,13.71,-1.00
1000,0,23.98,-1.00
1000,0,31.62,-1.00
1000,0,15.12,-1.00
1000,0,22.18,-1.00
0,1000,-1.00,18.14
1000,0,17.91,-1.00
0,1000,-1.00,23.07
0,1000,-1.00,15.85
1000,0,23.28,-1.00
1000,0,17.20,-1.00
1000,0,32.46,-1.00
1000,0,26.00,-1.00
1000,0,21.93,-1.00
1000,0,18.41,-1.00
1000,0,16.52,-1.00
1000,0,24.84,-1.00
1000,0,15.54,-1.00
1000,0,14.03,-1.00
1000,0,11.05,-1.00
1000,0,21.67,-1.00
0,1000,-1.00,22.75
0,1000,-1.00,37.78
1000,0,20.52,-1.00
1000,0,22.72,-1.00
0,1000,-1.00,33.09
0,1000,-1.00,24.69
1000,0,26.45,-1.00
1000,0,15.75,-1.00
0,1000,-1.00,21.03
1000,0,15.47,-1.00
1000,0,15.57,-1.00
0,1000,-1.00,24.43
1000,0,14.65,-1.00
1000,0,17.79,-1.00
0,1000,-1.00,34.41
0,1000,-1.00,44.42
1000,0,20.55,-1.00
1000,0,18.07,-1.00
1000,0,23.83,-1.00
1000,0,17.44,-1.00
1000,0,26.38,-1.00
0,1000,-1.00,15.84
1000,0,19.09,-1.00
1000,0,33.06,-1.00
1000,0,19.93,-1.00
0,1000,-1.00,23.61
0,1000,-1.00,30.25
1000,0,18.61,-1.00
0,1000,-1.00,39.57
0,1000,-1.00,25.58
1000,0,21.98,-1.00
1000,0,19.92,-1.00
1000,0,25.36,-1.00
1000,0,22.56,-1.00
1000,0,22.11,-1.00
1000,0,21.94,-1.00
1000,0,17.23,-1.00
1000,0,23.85,-1.00
0,1000,-1.00,24.15
1000,0,18.44,-1.00
0,1000,-1.00,27.11
1000,0,22.62,-1.00
0,1000,-1.00,34.53
1000,0,23.48,-1.00
1000,0,23.88,-1.00
0,1000,-1.00,35.52
0,1000,-1.00,31.15
0,1000,-1.00,24.93
0,1000,-1.00,22.01
1000,0,20.34,-1.00
0,1000,-1.00,23.60
0,1000,-1.00,25.55
1000,0,12.32,-1.00
1000,0,19.38,-1.00
1000,0,19.31,-1.00
1000,0,19.71,-1.00
1000,0,18.98,-1.00
1000,0,22.27,-1.00
0,1000,-1.00,24.29
1000,0,24.13,-1.00
1000,0,18.09,-1.00
1000,0,21.25,-1.00
1000,0,13.27,-1.00
1000,0,19.11,-1.00
1000,0,16.14,-1.00
1000,0,19.21,-1.00
0,1000,-1.00,31.30
1000,0,17.44,-1.00
0,1000,-1.00,24.05
1000,0,14.99,-1.00
1000,0,21.91,-1.00
1000,0,13.64,-1.00
1000,0,20.81,-1.00
1000,0,15.32,-1.00
0,1000,-1.00,19.56
1000,0,16.67,-1.00
1000,0,16.42,-1.00
0,1000,-1.00,21.76
1000,0,33.78,-1.00
1000,0,16.60,-1.00
0,1000,-1.00,25.15
1000,0,15.27,-1.00
0,1000,-1.00,43.86
1000,0,16.28,-1.00
0,1000,-1.00,29.16
1000,0,21.38,-1.00
1000,0,19.60,-1.00
1000,0,23.03,-1.00
1000,0,21.78,-1.00
0,1000,-1.00,20.33
1000,0,35.74,-1.00
0,1000,-1.00,22.35
1000,0,20.38,-1.00
1000,0,22.50,-1.00
1000,0,27.06,-1.00
1000,0,15.19,-1.00
1000,0,22.76,-1.00
1000,0,21.17,-1.00
1000,0,18.13,-1.00
1000,0,18.57,-1.00
1000,0,31.38,-1.00
0,1000,-1.00,24.57
1000,0,25.63,-1.00
1000,0,29.45,-1.00
1000,0,16.11,-1.00
1000,0,17.15,-1.00
1000,0,16.59,-1.00
1000,0,22.08,-1.00
1000,0,31.23,-1.00
1000,0,16.51,-1.00
0,1000,-1.00,22.51
0,1000,-1.00,20.73
1000,0,17.77,-1.00
1000,0,19.92,-1.00
1000,0,17.28,-1.00
1000,0,19.54,-1.00
0,1000,-1.00,22.91
1000,0,13.80,-1.00
1000,0,18.47,-1.00
1000,0,20.08,-1.00
1000,0,22.85,-1.00
0,1000,-1.00,20.26
1000,0,25.27,-1.00
1000,0,16.01,-1.00
1000,0,19.50,-1.00
1000,0,26.96,-1.00
1000,0,23.35,-1.00
1000,0,23.03,-1.00
1000,0,31.58,-1.00
1000,0,13.15,-1.00
0,1000,-1.00,25.36
0,1000,-1.00,18.86
0,1000,-1.00,19.19
1000,0,16.64,-1.00
1000,0,21.21,-1.00
0,1000,-1.00,22.96
0,1000,-1.00,20.00
1000,0,17.06,-1.00
1000,0,29.19,-1.00
1000,0,22.52,-1.00
1000,0,16.52,-1.00
0,1000,-1.00,18.78
0,1000,-1.00,21.58
0,1000,-1.00,36.07
0,1000,-1.00,20.73
0,1000,-1.00,26.73
0,1000,-1.00,21.14
1000,0,27.44,-1.00
1000,0,13.24,-1.00
1000,0,26.02,-1.00
1000,0,15.09,-1.00
1000,0,20.76,-1.00
1000,0,27.10,-1.00
1000,0,15.08,-1.00
1000,0,18.43,-1.00
1000,0,19.80,-1.00
1000,0,14.54,-1.00
1000,0,19.77,-1.00
1000,0,16.11,-1.00
1000,0,14.32,-1.00
1000,0,22.68,-1.00
1000,0,17.81,-1.00
1000,0,18.92,-1.00
1000,0,16.99,-1.00
0,1000,-1.00,21.22
1000,0,23.63,-1.00
0,1000,-1.00,28.63
1000,0,20.52,-1.00
0,1000,-1.00,20.28
1000,0,20.68,-1.00
1000,0,23.70,-1.00
1000,0,25.53,-1.00
1000,0,17.68,-1.00
1000,0,27.05,-1.00
1000,0,19.80,-1.00
1000,0,21.77,-1.00
1000,0,24.86,-1.00
1000,0,19.12,-1.00
0,1000,-1.00,21.67
1000,0,17.89,-1.00
1000,0,18.96,-1.00
0,1000,-1.00,25.50
1000,0,19.39,-1.00
1000,0,21.64,-1.00
1000,0,16.34,-1.00
1000,0,24.00,-1.00
1000,0,27.32,-1.00
1000,0,22.52,-1.00
0,1000,-1.00,34.89
0,1000,-1.00,22.88
1000,0,24.07,-1.00
1000,0,18.51,-1.00
1000,0,29.56,-1.00
0,1000,-1.00,20.33
1000,0,14.84,-1.00
1000,0,25.93,-1.00
1000,0,25.90,-1.00
1000,0,44.95,-1.00
1000,0,17.99,-1.00
1000,0,19.34,-1.00
1000,0,23.21,-1.00
1000,0,32.13,-1.00
1000,0,31.06,-1.00
1000,0,18.50,-1.00
1000,0,18.44,-1.00
1000,0,18.29,-1.00
0,1000,-1.00,21.42
0,1000,-1.00,21.06
0,1000,-1.00,17.15
0,1000,-1.00,24.43
0,1000,-1.00,16.81
0,1000,-1.00,23.11
0,1000,-1.00,18.50
1000,0,27.87,-1.00
0,1000,-1.00,18.37
1000,0,18.74,-1.00
1000,0,27.66,-1.00
1000,0,25.84,-1.00
1000,0,15.57,-1.00
1000,0,20.93,-1.00
1000,0,25.80,-1.00
1000,0,15.15,-1.00
1000,0,17.38,-1.00
0,1000,-1.00,21.79
1000,0,30.54,-1.00
1000,0,19.17,-1.00
0,1000,-1.00,23.70
0,1000,-1.00,27.06
1000,0,17.64,-1.00
1000,0,18.64,-1.00
0,1000,-1.00,23.15
1000,0,20.39,-1.00
1000,0,13.60,-1.00
1000,0,20.78,-1.00
1000,0,26.15,-1.00
0,1000,-1.00,21.24
1000,0,27.61,-1.00
1000,0,34.63,-1.00
1000,0,19.13,-1.00
1000,0,16.68,-1.00
1000,0,26.99,-1.00
0,1000,-1.00,26.57
1000,0,29.88,-1.00
1000,0,19.13,-1.00
1000,0,30.43,-1.00
1000,0,16.22,-1.00
0,1000,-1.00,27.93
0,1000,-1.00,29.91
1000,0,20.50,-1.00
1000,0,17.07,-1.00
0,1000,-1.00,32.42
1000,0,22.37,-1.00
1000,0,26.58,-1.00
1000,0,14.27,-1.00
1000,0,21.09,-1.00
1000,0,18.81,-1.00
1000,0,38.76,-1.00
1000,0,29.77,-1.00
1000,0,17.88,-1.00
1000,0,18.39,-1.00
1000,0,21.78,-1.00
1000,0,17.62,-1.00
0,1000,-1.00,20.36
1000,0,18.44,-1.00
1000,0,33.40,-1.00
1000,0,21.34,-1.00
1000,0,22.71,-1.00
0,1000,-1.00,24.45
1000,0,22.22,-1.00
1000,0,21.16,-1.00
1000,0,14.66,-1.00
1000,0,23.73,-1.00
1000,0,17.97,-1.00
1000,0,23.43,-1.00
1000,0,39.05,-1.00
1000,0,24.32,-1.00
0,1000,-1.00,16.67
1000,0,25.19,-1.00
1000,0,19.69,-1.00
1000,0,25.07,-1.00
1000,0,17.87,-1.00
1000,0,20.78,-1.00
0,1000,-1.00,23.67
1000,0,22.38,-1.00
0,1000,-1.00,27.73
1000,0,22.26,-1.00
1000,0,15.54,-1.00
1000,0,23.24,-1.00
1000,0,14.55,-1.00
1000,0,19.80,-1.00
1000,0,20.62,-1.00
1000,0,16.98,-1.00
1000,0,24.91,-1.00
1000,0,15.28,-1.00
1000,0,25.02,-1.00
1000,0,17.04,-1.00
1000,0,20.41,-1.00
1000,0,27.50,-1.00
0,1000,-1.00,35.26
0,1000,-1.00,17.68
0,1000,-1.00,18.90
0,1000,-1.00,18.42
0,1000,-1.00,22.48
1000,0,17.69,-1.00
1000,0,23.78,-1.00
1000,0,13.55,-1.00
0,1000,-1.00,19.49
0,1000,-1.00,21.67
1000,0,17.13,-1.00
0,1000,-1.00,17.53
0,1000,-1.00,18.70
1000,0,15.96,-1.00
0,1000,-1.00,29.46
1000,0,22.43,-1.00
1000,0,17.90,-1.00
0,1000,-1.00,22.40
0,1000,-1.00,27.22
1000,0,23.10,-1.00
0,1000,-1.00,30.77
0,1000,-1.00,25.96
1000,0,17.77,-1.00
1000,0,16.98,-1.00
1000,0,20.00,-1.00
0,1000,-1.00,21.87
1000,0,18.00,-1.00
1000,0,40.23,-1.00
1000,0,26.87,-1.00
1000,0,29.55,-1.00
1000,0,22.60,-1.00
1000,0,20.09,-1.00
1000,0,15.07,-1.00
1000,0,17.23,-1.00
0,1000,-1.00,22.76
1000,0,27.18,-1.00
1000,0,21.49,-1.00
0,1000,-1.00,20.78
1000,0,23.26,-1.00
1000,0,32.09,-1.00
1000,0,19.43,-1.00
1000,0,23.97,-1.00
0,1000,-1.00,28.11
1000,0,35.00,-1.00
0,1000,-1.00,19.51
0,1000,-1.00,21.85
1000,0,17.20,-1.00
1000,0,23.10,-1.00
1000,0,20.74,-1.00
0,1000,-1.00,28.66
1000,0,17.34,-1.00
0,1000,-1.00,20.45
1000,0,18.91,-1.00
0,1000,-1.00,21.63
1000,0,23.35,-1.00
1000,0,18.36,-1.00
1000,0,20.61,-1.00
0,1000,-1.00,15.38
1000,0,19.77,-1.00
0,1000,-1.00,22.79
1000,0,21.05,-1.00
0,1000,-1.00,21.44
1000,0,15.40,-1.00
1000,0,17.62,-1.00
0,1000,-1.00,18.37
1000,0,19.61,-1.00
1000,0,13.69,-1.00
1000,0,21.77,-1.00
1000,0,15.02,-1.00
0,1000,-1.00,22.86
1000,0,24.00,-1.00
1000,0,15.05,-1.00
1000,0,18.28,-1.00
1000,0,26.00,-1.00
0,1000,-1.00,15.40
1000,0,21.26,-1.00
1000,0,14.53,-1.00
1000,0,21.25,-1.00
1000,0,23.12,-1.00
0,1000,-1.00,16.94
1000,0,19.70,-1.00
1000,0,17.34,-1.00
1000,0,24.55,-1.00
1000,0,17.17,-1.00
1000,0,19.57,-1.00
0,1000,-1.00,32.50
0,1000,-1.00,25.38
0,1000,-1.00,24.20
1000,0,21.25,-1.00
1000,0,23.71,-1.00
0,1000,-1.00,17.30
1000,0,21.25,-1.00
1000,0,33.27,-1.00
1000,0,19.77,-1.00
1000,0,17.73,-1.00
0,1000,-1.00,22.15
1000,0,19.01,-1.00
1000,0,32.01,-1.00
1000,0,24.68,-1.00
1000,0,32.58,-1.00
1000,0,22.53,-1.00
1000,0,26.70,-1.00
0,1000,-1.00,30.29
1000,0,18.56,-1.00
1000,0,21.31,-1.00
1000,0,21.91,-1.00
1000,0,13.57,-1.00
1000,0,20.05,-1.00
1000,0,21.79,-1.00
1000,0,18.94,-1.00
0,1000,-1.00,18.12
0,1000,-1.00,46.73
1000,0,16.65,-1.00
1000,0,19.98,-1.00
1000,0,20.16,-1.00
1000,0,31.71,-1.00
0,1000,-1.00,22.67
1000,0,19.09,-1.00
1000,0,28.21,-1.00
0,1000,-1.00,16.62
0,1000,-1.00,18.21
1000,0,23.61,-1.00
1000,0,31.06,-1.00
1000,0,17.49,-1.00
1000,0,21.31,-1.00
0,1000,-1.00,17.49
1000,0,19.17,-1.00
1000,0,14.77,-1.00
1000,0,17.94,-1.00
1000,0,20.99,-1.00
0,1000,-1.00,22.07
1000,0,17.67,-1.00
1000,0,34.86,-1.00
1000,0,23.38,-1.00
1000,0,29.63,-1.00
1000,0,17.45,-1.00
1000,0,32.32,-1.00
0,1000,-1.00,21.13
1000,0,28.81,-1.00
0,1000,-1.00,21.06
0,1000,-1.00,16.68
1000,0,25.83,-1.00
1000,0,17.42,-1.00
1000,0,19.93,-1.00
1000,0,11.39,-1.00
1000,0,23.06,-1.00
1000,0,19.02,-1.00
0,1000,-1.00,23.94
1000,0,28.90,-1.00
1000,0,20.07,-1.00
1000,0,18.08,-1.00
1000,0,19.23,-1.00
1000,0,23.84,-1.00
1000,0,17.26,-1.00
1000,0,16.34,-1.00
0,1000,-1.00,20.99
1000,0,23.51,-1.00
1000,0,17.95,-1.00
1000,0,32.44,-1.00
1000,0,21.72,-1.00
1000,0,27.21,-1.00
1000,0,20.06,-1.00
0,1000,-1.00,28.26
1000,0,19.50,-1.00
1000,0,15.25,-1.00
0,1000,-1.00,18.40
1000,0,24.15,-1.00
0,1000,-1.00,28.47
1000,0,19.66,-1.00
1000,0,37.91,-1.00
1000,0,17.67,-1.00
1000,0,15.97,-1.00
1000,0,28.04,-1.00
1000,0,31.58,-1.00
1000,0,28.86,-1.00
1000,0,26.06,-1.00
1000,0,20.28,-1.00
1000,0,24.59,-1.00
1000,0,17.17,-1.00
1000,0,20.87,-1.00
0,1000,-1.00,20.98
1000,0,23.50,-1.00
1000,0,11.09,-1.00
0,1000,-1.00,15.00
1000,0,17.63,-1.00
1000,0,17.10,-1.00
0,1000,-1.00,20.02
1000,0,18.15,-1.00
1000,0,22.46,-1.00
1000,0,20.12,-1.00
1000,0,15.01,-1.00
1000,0,18.77,-1.00
1000,0,16.87,-1.00
1000,0,13.82,-1.00
0,1000,-1.00,22.15
0,1000,-1.00,20.78
0,1000,-1.00,27.16
1000,0,22.33,-1.00
1000,0,24.18,-1.00
1000,0,30.06,-1.00
1000,0,23.57,-1.00
1000,0,18.35,-1.00
1000,0,16.02,-1.00
1000,0,19.03,-1.00
1000,0,19.54,-1.00
0,1000,-1.00,19.96
1000,0,19.94,-1.00
1000,0,20.02,-1.00
1000,0,22.40,-1.00
1000,0,15.18,-1.00
1000,0,21.77,-1.00
1000,0,21.47,-1.00
1000,0,26.21,-1.00
1000,0,23.07,-1.00
0,1000,-1.00,29.38
1000,0,21.12,-1.00
1000,0,27.13,-1.00
1000,0,22.15,-1.00
0,1000,-1.00,31.43
1000,0,20.37,-1.00
0,1000,-1.00,22.06
0,1000,-1.00,23.76
1000,0,26.02,-1.00
1000,0,16.39,-1.00
0,1000,-1.00,29.40
1000,0,19.82,-1.00
1000,0,24.13,-1.00
0,1000,-1.00,22.84
1000,0,18.80,-1.00
1000,0,14.95,-1.00
1000,0,20.26,-1.00
1000,0,23.01,-1.00
1000,0,23.25,-1.00
0,1000,-1.00,18.23
1000,0,29.98,-1.00
1000,0,17.66,-1.00
1000,0,24.44,-1.00
1000,0,21.38,-1.00
0,1000,-1.00,18.41
1000,0,23.62,-1.00
0,1000,-1.00,18.66
1000,0,19.23,-1.00
1000,0,18.60,-1.00
1000,0,27.80,-1.00
0,1000,-1.00,28.07
1000,0,15.34,-1.00
0,1000,-1.00,17.25
0,1000,-1.00,17.51
1000,0,24.59,-1.00
1000,0,20.95,-1.00
1000,0,29.40,-1.00
1000,0,21.15,-1.00
1000,0,23.81,-1.00
1000,0,16.33,-1.00
1000,0,21.88,-1.00
1000,0,15.45,-1.00
1000,0,19.34,-1.00
1000,0,18.97,-1.00
0,1000,-1.00,30.43
1000,0,12.20,-1.00
1000,0,15.59,-1.00
0,1000,-1.00,18.47
1000,0,14.54,-1.00
1000,0,23.56,-1.00
0,1000,-1.00,33.55
1000,0,15.93,-1.00
1000,0,18.04,-1.00
0,1000,-1.00,20.41
1000,0,13.91,-1.00
0,1000,-1.00,37.50
1000,0,16.34,-1.00
1000,0,20.10,-1.00
1000,0,19.71,-1.00
1000,0,26.28,-1.00
0,1000,-1.00,24.04
1000,0,15.47,-1.00
0,1000,-1.00,26.04
1000,0,16.93,-1.00
1000,0,19.95,-1.00
1000,0,13.65,-1.00
0,1000,-1.00,17.42
1000,0,13.53,-1.00
1000,0,18.90,-1.00
1000,0,27.49,-1.00
1000,0,21.68,-1.00
1000,0,18.76,-1.00
1000,0,18.52,-1.00
0,1000,-1.00,27.24
1000,0,23.18,-1.00
1000,0,19.00,-1.00
0,1000,-1.00,26.93
1000,0,25.88,-1.00
1000,0,18.45,-1.00
1000,0,13.12,-1.00
1000,0,14.77,-1.00
1000,0,25.91,-1.00
1000,0,20.71,-1.00
1000,0,25.03,-1.00
1000,0,15.14,-1.00
1000,0,17.30,-1.00
1000,0,18.74,-1.00
1000,0,31.48,-1.00
1000,0,24.21,-1.00
1000,0,15.21,-1.00
1000,0,17.83,-1.00
1000,0,47.93,-1.00
1000,0,19.11,-1.00
0,1000,-1.00,21.13
1000,0,23.31,-1.00
1000,0,30.47,-1.00
1000,0,20.53,-1.00
0,1000,-1.00,20.41
1000,0,16.08,-1.00
1000,0,24.77,-1.00
0,1000,-1.00,18.56
1000,0,20.82,-1.00
1000,0,21.31,-1.00
1000,0,28.46,-1.00
1000,0,22.70,-1.00
1000,0,25.00,-1.00
1000,0,23.11,-1.00
1000,0,15.62,-1.00
1000,0,15.53,-1.00
0,1000,-1.00,25.76
1000,0,19.34,-1.00
1000,0,26.50,-1.00
1000,0,45.50,-1.00
1000,0,22.00,-1.00
1000,0,16.35,-1.00
1000,0,35.45,-1.00
1000,0,23.83,-1.00
1000,0,17.61,-1.00
1000,0,28.41,-1.00
1000,0,18.55,-1.00
1000,0,24.40,-1.00
1000,0,17.83,-1.00
1000,0,15.75,-1.00
0,1000,-1.00,20.95
1000,0,23.83,-1.00
1000,0,21.51,-1.00
1000,0,17.55,-1.00
0,1000,-1.00,17.21
1000,0,19.57,-1.00
1000,0,21.00,-1.00
1000,0,27.00,-1.00
1000,0,18.39,-1.00
1000,0,17.47,-1.00
0,1000,-1.00,25.00
0,1000,-1.00,20.06
0,1000,-1.00,16.27
1000,0,33.99,-1.00
1000,0,24.67,-1.00
0,1000,-1.00,30.09
1000,0,16.45,-1.00
1000,0,19.31,-1.00
1000,0,17.42,-1.00
1000,0,24.02,-1.00
1000,0,18.50,-1.00
1000,0,18.06,-1.00
1000,0,31.23,-1.00
0,1000,-1.00,23.40
1000,0,14.99,-1.00
0,1000,-1.00,29.08
1000,0,15.84,-1.00
1000,0,23.84,-1.00
1000,0,17.34,-1.00
0,1000,-1.00,31.23
1000,0,19.99,-1.00
0,1000,-1.00,19.06
1000,0,23.04,-1.00
1000,0,30.20,-1.00
0,1000,-1.00,20.85
0,1000,-1.00,20.86
1000,0,24.61,-1.00
1000,0,27.87,-1.00
1000,0,24.85,-1.00
1000,0,17.43,-1.00
1000,0,17.44,-1.00
1000,0,17.79,-1.00
1000,0,17.26,-1.00
1000,0,28.62,-1.00
1000,0,27.68,-1.00
1000,0,18.39,-1.00
1000,0,14.42,-1.00
1000,0,27.06,-1.00
1000,0,14.71,-1.00
1000,0,17.78,-1.00
1000,0,17.71,-1.00
1000,0,17.07,-1.00
0,1000,-1.00,27.65
1000,0,18.99,-1.00
1000,0,20.49,-1.00
0,1000,-1.00,31.55
1000,0,33.33,-1.00
0,1000,-1.00,19.66
1000,0,23.45,-1.00
1000,0,19.95,-1.00
1000,0,16.22,-1.00
1000,0,17.96,-1.00
1000,0,21.86,-1.00
1000,0,17.65,-1.00
1000,0,16.91,-1.00
0,1000,-1.00,26.06
1000,0,31.80,-1.00
1000,0,21.24,-1.00
1000,0,17.77,-1.00
1000,0,17.69,-1.00
0,1000,-1.00,19.92
1000,0,19.93,-1.00
1000,0,23.87,-1.00
1000,0,13.53,-1.00
1000,0,15.37,-1.00
0,1000,-1.00,22.05
1000,0,26.37,-1.00
1000,0,20.66,-1.00
1000,0,23.22,-1.00
1000,0,15.48,-1.00
1000,0,16.71,-1.00
0,1000,-1.00,23.29
1000,0,25.50,-1.00
0,1000,-1.00,25.72
1000,0,24.88,-1.00
1000,0,12.14,-1.00
1000,0,22.30,-1.00
1000,0,18.24,-1.00
1000,0,18.17,-1.00
1000,0,17.18,-1.00
1000,0,20.05,-1.00
1000,0,23.98,-1.00
1000,0,16.20,-1.00
1000,0,23.40,-1.00
0,1000,-1.00,27.99
1000,0,18.73,-1.00
1000,0,19.34,-1.00
1000,0,22.70,-1.00
1000,0,32.41,-1.00
1000,0,22.97,-1.00
1000,0,20.11,-1.00
1000,0,22.08,-1.00
1000,0,19.25,-1.00
1000,0,14.42,-1.00
1000,0,30.03,-1.00
1000,0,15.42,-1.00
1000,0,22.07,-1.00
1000,0,28.82,-1.00
1000,0,22.38,-1.00
1000,0,20.17,-1.00
1000,0,18.72,-1.00
0,1000,-1.00,26.36
0,1000,-1.00,18.91
0,1000,-1.00,28.31
0,1000,-1.00,18.94
1000,0,16.21,-1.00
1000,0,31.02,-1.00
1000,0,30.11,-1.00
0,1000,-1.00,41.87
1000,0,24.88,-1.00
1000,0,29.45,-1.00
1000,0,23.07,-1.00
1000,0,20.07,-1.00
0,1000,-1.00,21.40
1000,0,25.80,-1.00
1000,0,18.83,-1.00
1000,0,29.59,-1.00
1000,0,23.18,-1.00
1000,0,18.48,-1.00
1000,0,33.55,-1.00
1000,0,15.27,-1.00
1000,0,21.56,-1.00
1000,0,19.20,-1.00
1000,0,17.25,-1.00
0,1000,-1.00,15.10
1000,0,20.47,-1.00
1000,0,33.94,-1.00
1000,0,14.98,-1.00
1000,0,16.22,-1.00
1000,0,15.91,-1.00
1000,0,15.83,-1.00
1000,0,24.13,-1.00
1000,0,33.02,-1.00
0,1000,-1.00,28.16
1000,0,13.27,-1.00
1000,0,23.02,-1.00
1000,0,14.83,-1.00
1000,0,17.23,-1.00
0,1000,-1.00,24.34
1000,0,25.70,-1.00
1000,0,19.25,-1.00
1000,0,15.40,-1.00
1000,0,16.00,-1.00
1000,0,18.81,-1.00
1000,0,19.98,-1.00
1000,0,18.20,-1.00
1000,0,17.04,-1.00
1000,0,18.50,-1.00
0,1000,-1.00,26.57
1000,0,29.65,-1.00
1000,0,23.97,-1.00
0,1000,-1.00,19.84
1000,0,25.33,-1.00
1000,0,15.14,-1.00
0,1000,-1.00,30.67
1000,0,18.87,-1.00
1000,0,18.76,-1.00
1000,0,19.56,-1.00
0,1000,-1.00,16.83
1000,0,19.93,-1.00
0,1000,-1.00,21.61
0,1000,-1.00,24.72
0,1000,-1.00,24.82
1000,0,47.03,-1.00
0,1000,-1.00,18.64
1000,0,22.68,-1.00
0,1000,-1.00,16.34
1000,0,17.42,-1.00
1000,0,25.56,-1.00
1000,0,18.30,-1.00
0,1000,-1.00,23.31
1000,0,21.40,-1.00
1000,0,22.03,-1.00
0,1000,-1.00,18.68
1000,0,29.14,-1.00
1000,0,21.90,-1.00
1000,0,17.12,-1.00
0,1000,-1.00,21.66
1000,0,18.31,-1.00
0,1000,-1.00,23.06
1000,0,26.49,-1.00
0,1000,-1.00,17.52
1000,0,15.90,-1.00
1000,0,31.38,-1.00
1000,0,35.41,-1.00
1000,0,15.90,-1.00
1000,0,25.10,-1.00
0,1000,-1.00,18.49
0,1000,-1.00,27.99
1000,0,18.35,-1.00
1000,0,21.88,-1.00
1000,0,15.54,-1.00
1000,0,25.82,-1.00
1000,0,19.85,-1.00
1000,0,17.09,-1.00
1000,0,16.73,-1.00
1000,0,17.71,-1.00
1000,0,22.15,-1.00
1000,0,25.98,-1.00
1000,0,16.39,-1.00
1000,0,30.61,-1.00
1000,0,16.28,-1.00
1000,0,20.94,-1.00
1000,0,17.87,-1.00
0,1000,-1.00,22.35
1000,0,15.99,-1.00
0,1000,-1.00,16.90
1000,0,15.38,-1.00
1000,0,21.67,-1.00
1000,0,23.91,-1.00
1000,0,23.11,-1.00
1000,0,23.23,-1.00
1000,0,27.06,-1.00
1000,0,31.74,-1.00
1000,0,15.94,-1.00
1000,0,29.27,-1.00
0,1000,-1.00,23.92
1000,0,18.53,-1.00
1000,0,19.16,-1.00
1000,0,14.97,-1.00
0,1000,-1.00,31.85
1000,0,17.10,-1.00
1000,0,24.13,-1.00
1000,0,27.34,-1.00
1000,0,20.18,-1.00
1000,0,31.14,-1.00
0,1000,-1.00,21.04
1000,0,20.71,-1.00
1000,0,20.54,-1.00
0,1000,-1.00,26.71
1000,0,20.03,-1.00
0,1000,-1.00,22.02
0,1000,-1.00,22.62
0,1000,-1.00,29.54
1000,0,25.17,-1.00
1000,0,19.01,-1.00
0,1000,-1.00,27.50
0,1000,-1.00,33.72
1000,0,19.76,-1.00
1000,0,21.83,-1.00
0,1000,-1.00,22.39
1000,0,28.69,-1.00
1000,0,14.54,-1.00
1000,0,18.40,-1.00
1000,0,13.82,-1.00
1000,0,22.48,-1.00
1000,0,14.18,-1.00
1000,0,24.44,-1.00
0,1000,-1.00,21.09
1000,0,15.03,-1.00
1000,0,22.66,-1.00
0,1000,-1.00,31.52
1000,0,20.56,-1.00
0,1000,-1.00,23.80
1000,0,17.23,-1.00
0,1000,-1.00,26.14
1000,0,20.27,-1.00
1000,0,13.24,-1.00
0,1000,-1.00,31.70
0,1000,-1.00,23.50
1000,0,18.14,-1.00
1000,0,20.57,-1.00
1000,0,15.85,-1.00
1000,0,14.38,-1.00
1000,0,23.53,-1.00
1000,0,17.48,-1.00
1000,0,19.17,-1.00
1000,0,15.41,-1.00
1000,0,24.37,-1.00
1000,0,22.42,-1.00
1000,0,18.49,-1.00
1000,0,18.78,-1.00
0,1000,-1.00,23.26
1000,0,22.90,-1.00
1000,0,24.92,-1.00
1000,0,21.93,-1.00
0,1000,-1.00,15.59
1000,0,30.78,-1.00
1000,0,17.22,-1.00
0,1000,-1.00,39.81
1000,0,14.63,-1.00
1000,0,25.79,-1.00
1000,0,14.98,-1.00
1000,0,17.12,-1.00
1000,0,16.62,-1.00
0,1000,-1.00,33.01
1000,0,24.94,-1.00
1000,0,16.53,-1.00
1000,0,15.65,-1.00
1000,0,20.23,-1.00
1000,0,27.52,-1.00
1000,0,15.77,-1.00
0,1000,-1.00,17.91
1000,0,20.65,-1.00
0,1000,-1.00,21.72
1000,0,28.37,-1.00
0,1000,-1.00,37.31
1000,0,18.74,-1.00
1000,0,14.54,-1.00
1000,0,21.89,-1.00
1000,0,20.97,-1.00
1000,0,22.59,-1.00
1000,0,18.04,-1.00
1000,0,15.93,-1.00
1000,0,19.64,-1.00
0,1000,-1.00,22.35
1000,0,25.12,-1.00
0,1000,-1.00,30.24
1000,0,26.28,-1.00
1000,0,20.33,-1.00
1000,0,14.80,-1.00
1000,0,15.11,-1.00
1000,0,21.86,-1.00
1000,0,26.39,-1.00
0,1000,-1.00,31.30
1000,0,20.65,-1.00
1000,0,20.49,-1.00
1000,0,20.82,-1.00
1000,0,22.88,-1.00
1000,0,20.94,-1.00
1000,0,18.35,-1.00
1000,0,22.71,-1.00
0,1000,-1.00,33.88
1000,0,33.73,-1.00
0,1000,-1.00,25.89
1000,0,25.09,-1.00
1000,0,23.49,-1.00
0,1000,-1.00,17.27
1000,0,20.12,-1.00
1000,0,18.90,-1.00
1000,0,46.66,-1.00
1000,0,16.43,-1.00
0,1000,-1.00,23.28
1000,0,17.07,-1.00
1000,0,15.45,-1.00
1000,0,14.34,-1.00
1000,0,18.08,-1.00
0,1000,-1.00,24.36
1000,0,15.61,-1.00
0,1000,-1.00,35.60
1000,0,35.55,-1.00
1000,0,15.04,-1.00
1000,0,20.98,-1.00
1000,0,18.97,-1.00
0,1000,-1.00,21.70
1000,0,21.20,-1.00
1000,0,21.40,-1.00
1000,0,16.53,-1.00
1000,0,33.06,-1.00
1000,0,23.82,-1.00
0,1000,-1.00,16.58
1000,0,22.54,-1.00
1000,0,17.52,-1.00
0,1000,-1.00,22.92
0,1000,-1.00,18.87
1000,0,30.40,-1.00
1000,0,16.14,-1.00
1000,0,19.28,-1.00
0,1000,-1.00,20.94
1000,0,20.58,-1.00
0,1000,-1.00,38.07
1000,0,19.18,-1.00
0,1000,-1.00,28.23
0,1000,-1.00,30.21
1000,0,23.56,-1.00
1000,0,21.91,-1.00
1000,0,17.83,-1.00
1000,0,29.63,-1.00
1000,0,20.74,-1.00
1000,0,25.82,-1.00
0,1000,-1.00,30.89
1000,0,15.52,-1.00
1000,0,15.85,-1.00
1000,0,15.61,-1.00
0,1000,-1.00,27.27
0,1000,-1.00,23.09
0,1000,-1.00,15.63
0,1000,-1.00,26.59
1000,0,25.64,-1.00
0,1000,-1.00,23.39
1000,0,25.18,-1.00
1000,0,17.15,-1.00
1000,0,22.86,-1.00
1000,0,20.13,-1.00
1000,0,26.08,-1.00
1000,0,12.36,-1.00
1000,0,17.33,-1.00
0,1000,-1.00,24.44
0,1000,-1.00,30.65
1000,0,17.51,-1.00
1000,0,26.66,-1.00
1000,0,28.56,-1.00
0,1000,-1.00,25.58
1000,0,20.42,-1.00
1000,0,15.92,-1.00
0,1000,-1.00,17.33
1000,0,18.46,-1.00
0,1000,-1.00,32.67
1000,0,20.40,-1.00
1000,0,21.48,-1.00
1000,0,17.02,-1.00
1000,0,22.45,-1.00
1000,0,18.64,-1.00
0,1000,-1.00,18.02
1000,0,25.62,-1.00
1000,0,14.01,-1.00
0,1000,-1.00,38.03
0,1000,-1.00,25.02
1000,0,28.44,-1.00
1000,0,24.78,-1.00
1000,0,17.73,-1.00
1000,0,18.88,-1.00
0,1000,-1.00,17.18
1000,0,27.29,-1.00
1000,0,32.99,-1.00
1000,0,26.58,-1.00
1000,0,23.02,-1.00
1000,0,15.25,-1.00
1000,0,16.57,-1.00
1000,0,23.91,-1.00
0,1000,-1.00,20.99
0,1000,-1.00,22.74
1000,0,18.67,-1.00
0,1000,-1.00,27.64
1000,0,17.50,-1.00
0,1000,-1.00,21.83
1000,0,20.44,-1.00
1000,0,22.94,-1.00
1000,0,22.88,-1.00
1000,0,16.61,-1.00
0,1000,-1.00,26.37
1000,0,20.37,-1.00
1000,0,27.19,-1.00
1000,0,16.73,-1.00
1000,0,18.86,-1.00
1000,0,14.30,-1.00
1000,0,21.43,-1.00
1000,0,20.89,-1.00
1000,0,20.17,-1.00
1000,0,16.78,-1.00
1000,0,14.94,-1.00
0,1000,-1.00,16.64
1000,0,20.53,-1.00
1000,0,13.86,-1.00
1000,0,14.70,-1.00
0,1000,-1.00,26.92
0,1000,-1.00,36.01
1000,0,19.35,-1.00
1000,0,27.99,-1.00
0,1000,-1.00,17.71
1000,0,26.56,-1.00
1000,0,20.48,-1.00
1000,0,18.78,-1.00
0,1000,-1.00,23.58
1000,0,14.23,-1.00
1000,0,13.58,-1.00
1000,0,17.45,-1.00
1000,0,17.22,-1.00
1000,0,17.65,-1.00
1000,0,20.89,-1.00
0,1000,-1.00,16.61
1000,0,18.93,-1.00
0,1000,-1.00,19.54
1000,0,22.89,-1.00
1000,0,17.20,-1.00
1000,0,23.05,-1.00
0,1000,-1.00,30.00
1000,0,19.48,-1.00
1000,0,20.89,-1.00
1000,0,21.58,-1.00
1000,0,19.25,-1.00
1000,0,17.72,-1.00
1000,0,21.37,-1.00
1000,0,16.80,-1.00
0,1000,-1.00,15.77
0,1000,-1.00,28.65
1000,0,15.99,-1.00
1000,0,13.36,-1.00
1000,0,22.33,-1.00
1000,0,20.93,-1.00
1000,0,25.10,-1.00
1000,0,18.41,-1.00
1000,0,26.53,-1.00
1000,0,15.00,-1.00
1000,0,19.64,-1.00
1000,0,20.77,-1.00
1000,0,18.66,-1.00
1000,0,17.17,-1.00
1000,0,20.73,-1.00
1000,0,23.30,-1.00
0,1000,-1.00,18.93
1000,0,16.64,-1.00
1000,0,32.17,-1.00
1000,0,33.23,-1.00
1000,0,32.20,-1.00
1000,0,15.70,-1.00
1000,0,25.10,-1.00
0,1000,-1.00,26.05
1000,0,18.45,-1.00
0,1000,-1.00,27.39
1000,0,20.19,-1.00
0,1000,-1.00,33.97
0,1000,-1.00,25.65
1000,0,22.64,-1.00
1000,0,25.39,-1.00
1000,0,18.85,-1.00
1000,0,14.72,-1.00
1000,0,17.82,-1.00
0,1000,-1.00,20.75
1000,0,27.12,-1.00
1000,0,19.16,-1.00
1000,0,19.14,-1.00
1000,0,20.65,-1.00
1000,0,23.40,-1.00
1000,0,19.05,-1.00
1000,0,27.88,-1.00
0,1000,-1.00,17.69
1000,0,20.29,-1.00
1000,0,18.37,-1.00
0,1000,-1.00,30.85
0,1000,-1.00,26.10
1000,0,15.33,-1.00
1000,0,17.88,-1.00
1000,0,15.60,-1.00
1000,0,22.42,-1.00
0,1000,-1.00,24.85
1000,0,26.40,-1.00
1000,0,22.05,-1.00
1000,0,20.51,-1.00
0,1000,-1.00,15.66
1000,0,28.01,-1.00
1000,0,28.56,-1.00
0,1000,-1.00,31.87
1000,0,17.23,-1.00
1000,0,18.80,-1.00
1000,0,15.07,-1.00
1000,0,19.28,-1.00
1000,0,13.22,-1.00
1000,0,18.45,-1.00
1000,0,13.26,-1.00
1000,0,15.58,-1.00
1000,0,20.22,-1.00
1000,0,16.19,-1.00
1000,0,18.92,-1.00
1000,0,18.58,-1.00
0,1000,-1.00,14.30
1000,0,16.37,-1.00
1000,0,14.54,-1.00
1000,0,20.58,-1.00
0,1000,-1.00,16.27
1000,0,21.02,-1.00
1000,0,22.32,-1.00
0,1000,-1.00,37.88
1000,0,19.91,-1.00
1000,0,20.28,-1.00
1000,0,20.01,-1.00
1000,0,14.59,-1.00
1000,0,23.30,-1.00
1000,0,30.95,-1.00
1000,0,17.02,-1.00
0,1000,-1.00,22.86
0,1000,-1.00,23.05
1000,0,25.21,-1.00
1000,0,16.65,-1.00
1000,0,16.72,-1.00
0,1000,-1.00,23.01
1000,0,18.87,-1.00
0,1000,-1.00,30.67
0,1000,-1.00,28.41
1000,0,15.40,-1.00
1000,0,20.59,-1.00
1000,0,14.12,-1.00
0,1000,-1.00,20.43
0,1000,-1.00,21.33
1000,0,29.55,-1.00
1000,0,28.87,-1.00
0,1000,-1.00,24.76
1000,0,13.75,-1.00
0,1000,-1.00,17.33
1000,0,20.34,-1.00
0,1000,-1.00,25.94
0,1000,-1.00,30.94
1000,0,14.29,-1.00
1000,0,18.10,-1.00
1000,0,13.21,-1.00
1000,0,15.42,-1.00
1000,0,24.37,-1.00
0,1000,-1.00,21.95
0,1000,-1.00,22.66
1000,0,17.43,-1.00
1000,0,23.44,-1.00
0,1000,-1.00,20.64
0,1000,-1.00,17.60
1000,0,16.72,-1.00
1000,0,15.49,-1.00
0,1000,-1.00,21.52
1000,0,20.40,-1.00
1000,0,28.07,-1.00
1000,0,15.01,-1.00
1000,0,16.28,-1.00
1000,0,17.65,-1.00
1000,0,18.93,-1.00
1000,0,16.75,-1.00
1000,0,25.43,-1.00
1000,0,16.48,-1.00
1000,0,20.66,-1.00
1000,0,16.92,-1.00
1000,0,18.35,-1.00
1000,0,19.83,-1.00
1000,0,13.03,-1.00
0,1000,-1.00,22.97
1000,0,24.40,-1.00
1000,0,21.05,-1.00
1000,0,23.77,-1.00
1000,0,18.15,-1.00
1000,0,21.23,-1.00
1000,0,16.23,-1.00
1000,0,18.93,-1.00
1000,0,28.88,-1.00
1000,0,26.96,-1.00
0,1000,-1.00,22.63
1000,0,20.72,-1.00
1000,0,17.91,-1.00
1000,0,21.76,-1.00
1000,0,25.98,-1.00
0,1000,-1.00,30.02
1000,0,16.83,-1.00
1000,0,20.37,-1.00
1000,0,16.28,-1.00
1000,0,19.81,-1.00
1000,0,17.07,-1.00
1000,0,37.73,-1.00
1000,0,25.52,-1.00
1000,0,19.20,-1.00
1000,0,60.65,-1.00
1000,0,18.54,-1.00
1000,0,26.58,-1.00
1000,0,19.18,-1.00
0,1000,-1.00,25.23
1000,0,29.84,-1.00
1000,0,18.25,-1.00
0,1000,-1.00,16.48
0,1000,-1.00,18.73
0,1000,-1.00,50.25
1000,0,17.58,-1.00
1000,0,24.89,-1.00
1000,0,23.28,-1.00
1000,0,24.80,-1.00
0,1000,-1.00,14.55
0,1000,-1.00,23.62
0,1000,-1.00,17.30
1000,0,16.20,-1.00
0,1000,-1.00,16.27
1000,0,22.13,-1.00
0,1000,-1.00,29.05
0,1000,-1.00,20.71
1000,0,20.00,-1.00
1000,0,55.63,-1.00
1000,0,15.03,-1.00
1000,0,22.60,-1.00
1000,0,16.61,-1.00
0,1000,-1.00,16.01
0,1000,-1.00,22.97
1000,0,26.16,-1.00
1000,0,20.57,-1.00
1000,0,16.22,-1.00
0,1000,-1.00,22.48
1000,0,18.97,-1.00
0,1000,-1.00,22.21
1000,0,23.09,-1.00
0,1000,-1.00,34.90
1000,0,23.36,-1.00
1000,0,19.88,-1.00
1000,0,16.16,-1.00
1000,0,13.22,-1.00
1000,0,24.10,-1.00
0,1000,-1.00,31.06
0,1000,-1.00,24.55
1000,0,22.18,-1.00
1000,0,18.70,-1.00
1000,0,17.34,-1.00
1000,0,14.50,-1.00
0,1000,-1.00,18.71
1000,0,18.40,-1.00
0,1000,-1.00,27.82
0,1000,-1.00,19.48
1000,0,15.03,-1.00
1000,0,14.47,-1.00
0,1000,-1.00,22.80
0,1000,-1.00,23.31
1000,0,21.80,-1.00
1000,0,24.47,-1.00
1000,0,20.33,-1.00
0,1000,-1.00,23.21
1000,0,15.95,-1.00
1000,0,15.93,-1.00
1000,0,19.81,-1.00
1000,0,37.79,-1.00
1000,0,17.92,-1.00
1000,0,36.21,-1.00
1000,0,26.32,-1.00
1000,0,24.05,-1.00
1000,0,20.10,-1.00
0,1000,-1.00,25.72
1000,0,23.98,-1.00
1000,0,15.98,-1.00
1000,0,27.74,-1.00
1000,0,18.58,-1.00
1000,0,16.75,-1.00
1000,0,28.09,-1.00
0,1000,-1.00,23.64
0,1000,-1.00,30.07
0,1000,-1.00,17.65
1000,0,28.72,-1.00
1000,0,26.11,-1.00
0,1000,-1.00,22.53
1000,0,24.90,-1.00
0,1000,-1.00,23.45
0,1000,-1.00,29.33
1000,0,15.02,-1.00
1000,0,28.43,-1.00
1000,0,14.35,-1.00
0,1000,-1.00,20.36
1000,0,13.91,-1.00
1000,0,15.07,-1.00
0,1000,-1.00,26.64
1000,0,19.97,-1.00
1000,0,16.06,-1.00
1000,0,33.33,-1.00
1000,0,12.90,-1.00
1000,0,38.11,-1.00
0,1000,-1.00,25.83
1000,0,16.88,-1.00
1000,0,23.54,-1.00
1000,0,16.83,-1.00
1000,0,21.74,-1.00
1000,0,17.70,-1.00
0,1000,-1.00,17.42
1000,0,30.82,-1.00
1000,0,27.58,-1.00
1000,0,16.69,-1.00
1000,0,23.15,-1.00
1000,0,20.95,-1.00
0,1000,-1.00,17.66
1000,0,15.58,-1.00
1000,0,20.30,-1.00
1000,0,18.99,-1.00
1000,0,24.54,-1.00
0,1000,-1.00,27.44
1000,0,29.29,-1.00
1000,0,26.52,-1.00
1000,0,13.52,-1.00
0,1000,-1.00,18.51
1000,0,27.59,-1.00
1000,0,25.68,-1.00
1000,0,20.00,-1.00
1000,0,19.68,-1.00
1000,0,20.37,-1.00
1000,0,23.15,-1.00
1000,0,18.49,-1.00
1000,0,33.09,-1.00
0,1000,-1.00,28.86
0,1000,-1.00,21.08
1000,0,17.67,-1.00
1000,0,19.77,-1.00
0,1000,-1.00,18.50
1000,0,23.74,-1.00
0,1000,-1.00,20.01
1000,0,29.41,-1.00
1000,0,21.92,-1.00
1000,0,25.35,-1.00
0,1000,-1.00,20.12
0,1000,-1.00,27.03
0,1000,-1.00,30.53
1000,0,16.79,-1.00
1000,0,20.91,-1.00
1000,0,25.23,-1.00
0,1000,-1.00,21.95
1000,0,19.40,-1.00
1000,0,14.80,-1.00
1000,0,21.84,-1.00
1000,0,24.67,-1.00
1000,0,22.30,-1.00
0,1000,-1.00,54.42
0,1000,-1.00,19.10
0,1000,-1.00,32.77
1000,0,14.65,-1.00
1000,0,20.63,-1.00
0,1000,-1.00,14.58
0,1000,-1.00,25.07
1000,0,21.38,-1.00
1000,0,20.29,-1.00
1000,0,23.00,-1.00
0,1000,-1.00,19.45
1000,0,16.59,-1.00
1000,0,13.41,-1.00
1000,0,18.63,-1.00
1000,0,13.09,-1.00
1000,0,22.17,-1.00
0,1000,-1.00,18.28
0,1000,-1.00,31.23
1000,0,13.36,-1.00
1000,0,23.30,-1.00
1000,0,26.53,-1.00
0,1000,-1.00,32.47
0,1000,-1.00,44.07
1000,0,22.28,-1.00
0,1000,-1.00,20.06
1000,0,15.55,-1.00
1000,0,18.54,-1.00
1000,0,22.76,-1.00
1000,0,13.86,-1.00
1000,0,22.54,-1.00
1000,0,22.93,-1.00
1000,0,16.32,-1.00
0,1000,-1.00,22.63
1000,0,16.67,-1.00
0,1000,-1.00,26.02
0,1000,-1.00,24.68
0,1000,-1.00,25.11
1000,0,33.30,-1.00
1000,0,16.08,-1.00
1000,0,13.32,-1.00
0,1000,-1.00,27.72
0,1000,-1.00,27.50
1000,0,18.71,-1.00
1000,0,14.55,-1.00
1000,0,21.98,-1.00
1000,0,16.00,-1.00
0,1000,-1.00,21.88
0,1000,-1.00,22.02
1000,0,20.40,-1.00
1000,0,22.76,-1.00
1000,0,21.69,-1.00
1000,0,18.69,-1.00
1000,0,22.77,-1.00
1000,0,19.05,-1.00
1000,0,22.57,-1.00
1000,0,21.57,-1.00
1000,0,20.81,-1.00
1000,0,23.53,-1.00
0,1000,-1.00,22.77
1000,0,25.94,-1.00
0,1000,-1.00,25.60
1000,0,15.43,-1.00
0,1000,-1.00,23.61
1000,0,18.20,-1.00
1000,0,29.04,-1.00
1000,0,15.44,-1.00
0,1000,-1.00,22.10
1000,0,19.91,-1.00
0,1000,-1.00,23.65
1000,0,20.34,-1.00
1000,0,28.18,-1.00
0,1000,-1.00,28.97
1000,0,16.18,-1.00
1000,0,20.56,-1.00
1000,0,15.75,-1.00
1000,0,25.10,-1.00
1000,0,23.15,-1.00
0,1000,-1.00,19.21
1000,0,20.80,-1.00
1000,0,30.40,-1.00
1000,0,21.02,-1.00
1000,0,19.37,-1.00
0,1000,-1.00,18.11
1000,0,16.22,-1.00
0,1000,-1.00,26.28
0,1000,-1.00,23.86
1000,0,17.79,-1.00
1000,0,16.35,-1.00
0,1000,-1.00,19.55
1000,0,26.57,-1.00
0,1000,-1.00,25.19
1000,0,20.29,-1.00
1000,0,16.79,-1.00
0,1000,-1.00,14.71
1000,0,28.70,-1.00
1000,0,28.83,-1.00
1000,0,26.89,-1.00
1000,0,10.91,-1.00
1000,0,38.98,-1.00
0,1000,-1.00,28.62
1000,0,19.82,-1.00
1000,0,23.20,-1.00
1000,0,15.41,-1.00
1000,0,21.20,-1.00
0,1000,-1.00,16.42
1000,0,18.72,-1.00
0,1000,-1.00,21.40
0,1000,-1.00,18.51
1000,0,19.41,-1.00
1000,0,18.21,-1.00
1000,0,19.61,-1.00
1000,0,10.99,-1.00
1000,0,18.49,-1.00
0,1000,-1.00,31.05
1000,0,17.66,-1.00
1000,0,21.79,-1.00
1000,0,28.07,-1.00
1000,0,17.43,-1.00
1000,0,21.57,-1.00
1000,0,31.57,-1.00
1000,0,15.82,-1.00
1000,0,18.55,-1.00
0,1000,-1.00,40.83
1000,0,22.32,-1.00
1000,0,16.87,-1.00
1000,0,25.15,-1.00
1000,0,20.70,-1.00
1000,0,14.66,-1.00
1000,0,18.24,-1.00
1000,0,21.40,-1.00
1000,0,21.69,-1.00
1000,0,17.04,-1.00
0,1000,-1.00,17.30
0,1000,-1.00,27.32
1000,0,25.20,-1.00
1000,0,24.25,-1.00
0,1000,-1.00,16.84
1000,0,20.75,-1.00
0,1000,-1.00,34.32
1000,0,22.08,-1.00
1000,0,17.85,-1.00
0,1000,-1.00,17.08
1000,0,17.38,-1.00
1000,0,14.17,-1.00
0,1000,-1.00,21.08
1000,0,22.04,-1.00
1000,0,17.83,-1.00
1000,0,37.81,-1.00
0,1000,-1.00,21.25
0,1000,-1.00,25.71
1000,0,30.88,-1.00
1000,0,23.64,-1.00
1000,0,19.20,-1.00
1000,0,24.68,-1.00
1000,0,26.41,-1.00
0,1000,-1.00,18.39
0,1000,-1.00,17.29
1000,0,14.49,-1.00
1000,0,18.00,-1.00
0,1000,-1.00,23.48
1000,0,31.73,-1.00
1000,0,18.38,-1.00
1000,0,20.31,-1.00
1000,0,16.20,-1.00
1000,0,19.40,-1.00
0,1000,-1.00,23.54
0,1000,-1.00,25.71
1000,0,19.37,-1.00
0,1000,-1.00,21.25
1000,0,22.67,-1.00
1000,0,21.17,-1.00
1000,0,34.11,-1.00
1000,0,17.73,-1.00
0,1000,-1.00,21.52
1000,0,14.09,-1.00
1000,0,21.82,-1.00
0,1000,-1.00,19.68
1000,0,20.26,-1.00
1000,0,22.94,-1.00
1000,0,21.63,-1.00
1000,0,25.83,-1.00
1000,0,13.00,-1.00
1000,0,20.57,-1.00
1000,0,23.36,-1.00
1000,0,20.50,-1.00
1000,0,29.37,-1.00
1000,0,21.35,-1.00
1000,0,30.48,-1.00
1000,0,26.81,-1.00
1000,0,15.85,-1.00
1000,0,19.13,-1.00
1000,0,29.84,-1.00
1000,0,16.30,-1.00
1000,0,16.30,-1.00
1000,0,23.77,-1.00
1000,0,17.46,-1.00
1000,0,27.90,-1.00
0,1000,-1.00,17.01
1000,0,20.91,-1.00
1000,0,25.74,-1.00
1000,0,16.68,-1.00
0,1000,-1.00,22.67
1000,0,18.92,-1.00
0,1000,-1.00,18.93
1000,0,17.09,-1.00
0,1000,-1.00,46.22
0,1000,-1.00,16.43
1000,0,18.29,-1.00
1000,0,29.58,-1.00
1000,0,25.55,-1.00
1000,0,22.79,-1.00
1000,0,29.19,-1.00
1000,0,16.34,-1.00
1000,0,14.99,-1.00
0,1000,-1.00,19.82
1000,0,26.66,-1.00
1000,0,16.18,-1.00
1000,0,17.30,-1.00
0,1000,-1.00,18.05
1000,0,15.42,-1.00
1000,0,28.54,-1.00
1000,0,22.16,-1.00
1000,0,22.29,-1.00
1000,0,23.34,-1.00
1000,0,22.16,-1.00
0,1000,-1.00,19.10
1000,0,21.87,-1.00
1000,0,19.05,-1.00
0,1000,-1.00,15.16
1000,0,26.26,-1.00
0,1000,-1.00,25.50
0,1000,-1.00,26.82
1000,0,16.68,-1.00
1000,0,34.07,-1.00
1000,0,38.17,-1.00
1000,0,25.67,-1.00
1000,0,18.38,-1.00
0,1000,-1.00,21.93
1000,0,18.56,-1.00
1000,0,18.48,-1.00
0,1000,-1.00,32.20
1000,0,19.43,-1.00
1000,0,30.42,-1.00
1000,0,23.02,-1.00
1000,0,29.84,-1.00
0,1000,-1.00,20.57
0,1000,-1.00,20.88
1000,0,22.06,-1.00
1000,0,15.32,-1.00
1000,0,15.92,-1.00
0,1000,-1.00,43.86
1000,0,34.89,-1.00
1000,0,19.08,-1.00
1000,0,18.90,-1.00
1000,0,18.89,-1.00
1000,0,18.75,-1.00
1000,0,22.29,-1.00
1000,0,29.09,-1.00
0,1000,-1.00,16.86
0,1000,-1.00,36.87
1000,0,20.07,-1.00
1000,0,18.42,-1.00
0,1000,-1.00,23.88
1000,0,21.80,-1.00
1000,0,21.36,-1.00
1000,0,23.72,-1.00
1000,0,28.32,-1.00
1000,0,31.91,-1.00
1000,0,21.96,-1.00
1000,0,17.89,-1.00
1000,0,13.59,-1.00
1000,0,23.20,-1.00
1000,0,23.56,-1.00
0,1000,-1.00,35.55
1000,0,25.09,-1.00
0,1000,-1.00,27.88
0,1000,-1.00,28.33
0,1000,-1.00,30.78
1000,0,26.39,-1.00
1000,0,15.85,-1.00
1000,0,21.69,-1.00
0,1000,-1.00,34.27
1000,0,17.86,-1.00
1000,0,15.44,-1.00
1000,0,19.66,-1.00
1000,0,23.01,-1.00
1000,0,22.64,-1.00
1000,0,18.01,-1.00
1000,0,18.07,-1.00
1000,0,15.79,-1.00
1000,0,19.09,-1.00
0,1000,-1.00,16.91
1000,0,19.70,-1.00
1000,0,29.50,-1.00
0,1000,-1.00,21.41
1000,0,23.59,-1.00
1000,0,20.67,-1.00
1000,0,14.29,-1.00
0,1000,-1.00,32.53
1000,0,20.45,-1.00
1000,0,32.44,-1.00
0,1000,-1.00,25.63
0,1000,-1.00,32.85
0,1000,-1.00,31.42
0,1000,-1.00,25.66
1000,0,33.08,-1.00
1000,0,18.47,-1.00
1000,0,18.09,-1.00
0,1000,-1.00,20.77
0,1000,-1.00,18.99
0,1000,-1.00,21.64
1000,0,27.80,-1.00
1000,0,21.60,-1.00
1000,0,22.63,-1.00
1000,0,16.02,-1.00
0,1000,-1.00,19.00
1000,0,31.10,-1.00
0,1000,-1.00,20.31
1000,0,15.56,-1.00
0,1000,-1.00,22.16
1000,0,25.93,-1.00
1000,0,20.48,-1.00
0,1000,-1.00,28.86
1000,0,24.32,-1.00
1000,0,20.57,-1.00
0,1000,-1.00,19.69
1000,0,20.94,-1.00
1000,0,21.82,-1.00
0,1000,-1.00,23.16
1000,0,30.81,-1.00
0,1000,-1.00,23.39
1000,0,33.63,-1.00
1000,0,18.28,-1.00
0,1000,-1.00,21.70
0,1000,-1.00,31.46
0,1000,-1.00,20.82
1000,0,23.50,-1.00
0,1000,-1.00,32.09
1000,0,17.99,-1.00
0,1000,-1.00,20.98
1000,0,17.42,-1.00
1000,0,16.47,-1.00
1000,0,15.30,-1.00
1000,0,22.26,-1.00
1000,0,17.35,-1.00
1000,0,26.06,-1.00
0,1000,-1.00,33.39
1000,0,14.27,-1.00
0,1000,-1.00,19.72
1000,0,19.24,-1.00
1000,0,18.02,-1.00
1000,0,20.86,-1.00
0,1000,-1.00,24.92
0,1000,-1.00,21.53
1000,0,24.51,-1.00
1000,0,16.52,-1.00
1000,0,16.15,-1.00
1000,0,18.38,-1.00
1000,0,18.52,-1.00
1000,0,23.15,-1.00
1000,0,22.64,-1.00
1000,0,17.14,-1.00
0,1000,-1.00,27.95
1000,0,24.81,-1.00
0,1000,-1.00,26.28
0,1000,-1.00,28.10
1000,0,21.00,-1.00
1000,0,21.72,-1.00
1000,0,17.47,-1.00
1000,0,16.72,-1.00
1000,0,16.33,-1.00
0,1000,-1.00,35.92
1000,0,15.16,-1.00
0,1000,-1.00,26.21
1000,0,16.39,-1.00
0,1000,-1.00,38.01
0,1000,-1.00,19.34
1000,0,16.72,-1.00
1000,0,14.32,-1.00
1000,0,17.71,-1.00
1000,0,18.47,-1.00
1000,0,22.49,-1.00
0,1000,-1.00,20.21
1000,0,13.22,-1.00
0,1000,-1.00,38.91
1000,0,19.19,-1.00
0,1000,-1.00,19.40
1000,0,16.50,-1.00
1000,0,21.44,-1.00
0,1000,-1.00,16.86
0,1000,-1.00,28.07
1000,0,34.44,-1.00
1000,0,15.11,-1.00
0,1000,-1.00,30.74
1000,0,19.36,-1.00
0,1000,-1.00,23.15
0,1000,-1.00,16.79
1000,0,17.60,-1.00
1000,0,18.44,-1.00
1000,0,23.97,-1.00
1000,0,22.94,-1.00
1000,0,15.64,-1.00
0,1000,-1.00,25.92
1000,0,15.22,-1.00
0,1000,-1.00,16.23
1000,0,25.20,-1.00
0,1000,-1.00,26.71
1000,0,21.48,-1.00
0,1000,-1.00,19.26
1000,0,18.17,-1.00
1000,0,12.65,-1.00
1000,0,20.53,-1.00
1000,0,17.60,-1.00
1000,0,35.90,-1.00
0,1000,-1.00,14.69
0,1000,-1.00,22.25
0,1000,-1.00,20.42
1000,0,17.59,-1.00
1000,0,18.24,-1.00
1000,0,24.60,-1.00
0,1000,-1.00,23.10
1000,0,24.14,-1.00
1000,0,16.04,-1.00
1000,0,18.82,-1.00
1000,0,15.46,-1.00
1000,0,15.64,-1.00
0,1000,-1.00,19.84
1000,0,17.17,-1.00
1000,0,16.22,-1.00
1000,0,17.03,-1.00
1000,0,22.40,-1.00
0,1000,-1.00,19.67
0,1000,-1.00,26.94
1000,0,17.31,-1.00
1000,0,16.31,-1.00
0,1000,-1.00,21.68
1000,0,14.75,-1.00
1000,0,22.58,-1.00
1000,0,17.18,-1.00
1000,0,18.02,-1.00
0,1000,-1.00,28.60
1000,0,19.21,-1.00
0,1000,-1.00,20.21
1000,0,23.43,-1.00
1000,0,29.67,-1.00
1000,0,17.84,-1.00
0,1000,-1.00,22.26
0,1000,-1.00,20.85
1000,0,17.51,-1.00
1000,0,26.22,-1.00
1000,0,16.99,-1.00
1000,0,32.39,-1.00
1000,0,32.89,-1.00
1000,0,19.15,-1.00
0,1000,-1.00,26.02
0,1000,-1.00,22.49
1000,0,18.52,-1.00
1000,0,20.89,-1.00
1000,0,16.29,-1.00
0,1000,-1.00,23.93
1000,0,19.33,-1.00
0,1000,-1.00,21.03
1000,0,21.26,-1.00
0,1000,-1.00,24.81
1000,0,17.89,-1.00
1000,0,15.77,-1.00
1000,0,17.38,-1.00
1000,0,20.14,-1.00
1000,0,20.28,-1.00
0,1000,-1.00,18.48
1000,0,17.06,-1.00
1000,0,18.03,-1.00
0,1000,-1.00,32.43
1000,0,44.16,-1.00
1000,0,19.90,-1.00
1000,0,22.08,-1.00
1000,0,25.32,-1.00
1000,0,19.11,-1.00
1000,0,12.50,-1.00
0,1000,-1.00,31.63
0,1000,-1.00,28.21
1000,0,20.58,-1.00
1000,0,18.64,-1.00
0,1000,-1.00,16.27
0,1000,-1.00,35.43
1000,0,14.54,-1.00
1000,0,16.20,-1.00
1000,0,18.98,-1.00
1000,0,17.30,-1.00
1000,0,14.31,-1.00
1000,0,17.87,-1.00
0,1000,-1.00,22.70
1000,0,22.51,-1.00
1000,0,25.30,-1.00
1000,0,24.85,-1.00
1000,0,27.05,-1.00
1000,0,14.69,-1.00
0,1000,-1.00,35.87
1000,0,34.35,-1.00
1000,0,17.65,-1.00
1000,0,21.45,-1.00
0,1000,-1.00,18.70
1000,0,17.83,-1.00
1000,0,24.47,-1.00
0,1000,-1.00,18.18
0,1000,-1.00,28.94
0,1000,-1.00,19.53
1000,0,18.62,-1.00
1000,0,17.73,-1.00
1000,0,20.69,-1.00
0,1000,-1.00,32.97
0,1000,-1.00,26.54
1000,0,19.66,-1.00
1000,0,16.17,-1.00
1000,0,21.72,-1.00
1000,0,18.00,-1.00
1000,0,20.14,-1.00
1000,0,22.57,-1.00
1000,0,18.80,-1.00
1000,0,20.85,-1.00
0,1000,-1.00,19.90
1000,0,19.34,-1.00
1000,0,18.58,-1.00
1000,0,23.84,-1.00
1000,0,19.70,-1.00
1000,0,17.95,-1.00
0,1000,-1.00,19.01
1000,0,21.92,-1.00
1000,0,26.87,-1.00
1000,0,19.92,-1.00
0,1000,-1.00,23.91
1000,0,26.84,-1.00
1000,0,14.99,-1.00
1000,0,17.74,-1.00
1000,0,20.33,-1.00
0,1000,-1.00,17.33
1000,0,12.88,-1.00
0,1000,-1.00,18.20
0,1000,-1.00,28.28
1000,0,15.08,-1.00
1000,0,23.16,-1.00
1000,0,14.45,-1.00
0,1000,-1.00,26.11
1000,0,18.86,-1.00
1000,0,16.56,-1.00
1000,0,13.10,-1.00
1000,0,30.31,-1.00
1000,0,24.18,-1.00
0,1000,-1.00,18.30
1000,0,25.89,-1.00
1000,0,14.67,-1.00
0,1000,-1.00,34.47
0,1000,-1.00,33.11
0,1000,-1.00,25.00
1000,0,20.49,-1.00
0,1000,-1.00,18.85
1000,0,16.90,-1.00
1000,0,28.72,-1.00
1000,0,12.70,-1.00
1000,0,26.64,-1.00
1000,0,20.73,-1.00
1000,0,28.53,-1.00
1000,0,27.77,-1.00
0,1000,-1.00,49.56
1000,0,15.28,-1.00
1000,0,18.67,-1.00
1000,0,21.04,-1.00
0,1000,-1.00,24.16
1000,0,13.96,-1.00
1000,0,30.86,-1.00
1000,0,21.29,-1.00
1000,0,23.83,-1.00
1000,0,18.44,-1.00
1000,0,22.35,-1.00
1000,0,20.82,-1.00
1000,0,17.47,-1.00
0,1000,-1.00,16.30
1000,0,16.12,-1.00
0,1000,-1.00,15.67
1000,0,14.03,-1.00
0,1000,-1.00,28.08
1000,0,16.42,-1.00
1000,0,20.68,-1.00
1000,0,23.70,-1.00
0,1000,-1.00,14.49
1000,0,12.61,-1.00
1000,0,21.76,-1.00
1000,0,23.33,-1.00
1000,0,28.37,-1.00
1000,0,16.96,-1.00
1000,0,17.18,-1.00
1000,0,24.61,-1.00
1000,0,12.09,-1.00
0,1000,-1.00,18.84
0,1000,-1.00,20.32
1000,0,18.14,-1.00
1000,0,18.11,-1.00
1000,0,20.46,-1.00
0,1000,-1.00,27.62
1000,0,16.70,-1.00
1000,0,16.26,-1.00
1000,0,29.89,-1.00
0,1000,-1.00,16.99
1000,0,17.26,-1.00
1000,0,22.42,-1.00
1000,0,19.97,-1.00
1000,0,27.46,-1.00
1000,0,18.50,-1.00
1000,0,27.89,-1.00
0,1000,-1.00,17.10
0,1000,-1.00,37.87
0,1000,-1.00,15.68
0,1000,-1.00,19.49
0,1000,-1.00,19.14
1000,0,13.89,-1.00
1000,0,13.99,-1.00
1000,0,19.04,-1.00
1000,0,18.14,-1.00
1000,0,23.86,-1.00
1000,0,23.81,-1.00
0,1000,-1.00,19.15
1000,0,21.26,-1.00
1000,0,26.69,-1.00
1000,0,17.66,-1.00
0,1000,-1.00,23.19
1000,0,22.63,-1.00
1000,0,21.99,-1.00
1000,0,24.73,-1.00
1000,0,15.33,-1.00
1000,0,26.23,-1.00
0,1000,-1.00,22.95
1000,0,16.59,-1.00
1000,0,34.49,-1.00
1000,0,15.82,-1.00
0,1000,-1.00,20.52
1000,0,17.56,-1.00
1000,0,22.97,-1.00
1000,0,17.33,-1.00
1000,0,19.86,-1.00
0,1000,-1.00,17.51
1000,0,16.21,-1.00
0,1000,-1.00,27.30
1000,0,14.60,-1.00
1000,0,24.91,-1.00
1000,0,17.64,-1.00
1000,0,14.91,-1.00
1000,0,26.29,-1.00
1000,0,26.02,-1.00
0,1000,-1.00,23.37
1000,0,16.11,-1.00
0,1000,-1.00,15.33
1000,0,17.88,-1.00
0,1000,-1.00,20.67
0,1000,-1.00,29.43
1000,0,18.26,-1.00
1000,0,18.12,-1.00
0,1000,-1.00,28.20
1000,0,22.59,-1.00
0,1000,-1.00,18.87
1000,0,20.65,-1.00
1000,0,18.60,-1.00
0,1000,-1.00,27.70
1000,0,19.75,-1.00
0,1000,-1.00,40.90
1000,0,30.31,-1.00
1000,0,43.39,-1.00
0,1000,-1.00,24.47
0,1000,-1.00,26.69
1000,0,21.35,-1.00
1000,0,24.09,-1.00
0,1000,-1.00,40.66
0,1000,-1.00,23.50
1000,0,21.45,-1.00
0,1000,-1.00,23.75
1000,0,20.87,-1.00
1000,0,26.42,-1.00
1000,0,24.60,-1.00
1000,0,17.26,-1.00
0,1000,-1.00,19.06
1000,0,21.40,-1.00
1000,0,26.42,-1.00
1000,0,24.60,-1.00
1000,0,23.15,-1.00
0,1000,-1.00,21.65
1000,0,18.68,-1.00
1000,0,27.83,-1.00
0,1000,-1.00,16.52
0,1000,-1.00,23.03
1000,0,15.36,-1.00
1000,0,16.40,-1.00
1000,0,14.51,-1.00
1000,0,36.83,-1.00
0,1000,-1.00,15.83
0,1000,-1.00,17.29
1000,0,37.09,-1.00
1000,0,20.65,-1.00
1000,0,20.47,-1.00
0,1000,-1.00,21.41
0,1000,-1.00,17.77
0,1000,-1.00,23.69
0,1000,-1.00,26.16
1000,0,24.75,-1.00
0,1000,-1.00,17.66
1000,0,24.57,-1.00
1000,0,14.53,-1.00
1000,0,26.00,-1.00
0,1000,-1.00,23.68
0,1000,-1.00,21.53
1000,0,14.46,-1.00
0,1000,-1.00,25.55
1000,0,21.80,-1.00
1000,0,19.29,-1.00
1000,0,24.20,-1.00
1000,0,22.99,-1.00
1000,0,15.76,-1.00
1000,0,16.14,-1.00
0,1000,-1.00,23.37
0,1000,-1.00,28.17
1000,0,19.29,-1.00
0,1000,-1.00,49.29
1000,0,16.79,-1.00
1000,0,17.80,-1.00
1000,0,17.62,-1.00
1000,0,14.66,-1.00
0,1000,-1.00,21.60
1000,0,24.82,-1.00
1000,0,19.87,-1.00
1000,0,16.98,-1.00
1000,0,29.67,-1.00
0,1000,-1.00,22.54
1000,0,23.24,-1.00
1000,0,27.85,-1.00
1000,0,17.93,-1.00
1000,0,16.71,-1.00
1000,0,21.06,-1.00
1000,0,22.76,-1.00
1000,0,21.26,-1.00
1000,0,17.26,-1.00
1000,0,22.80,-1.00
0,1000,-1.00,24.39
0,1000,-1.00,16.48
1000,0,20.11,-1.00
1000,0,18.90,-1.00
1000,0,25.31,-1.00
0,1000,-1.00,21.04
1000,0,14.14,-1.00
1000,0,28.82,-1.00
1000,0,17.49,-1.00
0,1000,-1.00,23.16
1000,0,27.13,-1.00
1000,0,18.64,-1.00
1000,0,19.46,-1.00
1000,0,15.69,-1.00
0,1000,-1.00,21.08
1000,0,16.62,-1.00
1000,0,21.94,-1.00
1000,0,14.82,-1.00
1000,0,16.18,-1.00
1000,0,16.04,-1.00
1000,0,25.69,-1.00
1000,0,28.72,-1.00
0,1000,-1.00,17.40
1000,0,21.56,-1.00
0,1000,-1.00,20.57
1000,0,15.55,-1.00
1000,0,22.65,-1.00
1000,0,12.45,-1.00
1000,0,12.92,-1.00
1000,0,16.82,-1.00
1000,0,18.86,-1.00
1000,0,26.02,-1.00
0,1000,-1.00,25.93
0,1000,-1.00,21.72
0,1000,-1.00,31.26
0,1000,-1.00,28.20
1000,0,22.33,-1.00
1000,0,17.42,-1.00
1000,0,22.76,-1.00
1000,0,21.93,-1.00
0,1000,-1.00,20.86
1000,0,25.19,-1.00
1000,0,32.10,-1.00
0,1000,-1.00,18.53
1000,0,20.64,-1.00
1000,0,23.67,-1.00
1000,0,28.26,-1.00
1000,0,19.15,-1.00
1000,0,14.65,-1.00
1000,0,32.54,-1.00
1000,0,32.39,-1.00
1000,0,18.00,-1.00
0,1000,-1.00,25.06
1000,0,16.54,-1.00
1000,0,45.03,-1.00
1000,0,23.77,-1.00
1000,0,18.24,-1.00
1000,0,19.90,-1.00
0,1000,-1.00,31.73
0,1000,-1.00,29.22
1000,0,21.48,-1.00
1000,0,14.67,-1.00
1000,0,21.12,-1.00
1000,0,15.87,-1.00
1000,0,16.87,-1.00
1000,0,18.47,-1.00
0,1000,-1.00,26.63
1000,0,15.15,-1.00
0,1000,-1.00,14.33
0,1000,-1.00,20.33
1000,0,15.77,-1.00
0,1000,-1.00,21.28
1000,0,47.09,-1.00
1000,0,25.16,-1.00
1000,0,24.20,-1.00
0,1000,-1.00,24.66
1000,0,21.60,-1.00
1000,0,24.56,-1.00
1000,0,18.93,-1.00
1000,0,17.20,-1.00
1000,0,16.06,-1.00
1000,0,18.21,-1.00
0,1000,-1.00,18.26
1000,0,23.32,-1.00
1000,0,23.91,-1.00
1000,0,19.77,-1.00
1000,0,16.98,-1.00
0,1000,-1.00,20.83
1000,0,15.35,-1.00
1000,0,21.11,-1.00
0,1000,-1.00,22.28
1000,0,31.22,-1.00
0,1000,-1.00,19.84
0,1000,-1.00,18.32
1000,0,17.15,-1.00
1000,0,19.83,-1.00
1000,0,19.91,-1.00
1000,0,23.41,-1.00
1000,0,15.10,-1.00
1000,0,21.15,-1.00
0,1000,-1.00,20.10
1000,0,25.53,-1.00
1000,0,16.70,-1.00
1000,0,26.15,-1.00
0,1000,-1.00,21.56
1000,0,21.65,-1.00
0,1000,-1.00,22.15
1000,0,29.87,-1.00
1000,0,15.53,-1.00
0,1000,-1.00,15.12
1000,0,15.55,-1.00
1000,0,22.52,-1.00
0,1000,-1.00,21.39
0,1000,-1.00,21.51
1000,0,15.19,-1.00
1000,0,32.91,-1.00
1000,0,24.84,-1.00
1000,0,27.73,-1.00
1000,0,17.94,-1.00
0,1000,-1.00,21.15
1000,0,18.32,-1.00
1000,0,26.22,-1.00
1000,0,16.28,-1.00
1000,0,26.59,-1.00
1000,0,26.66,-1.00
0,1000,-1.00,15.76
0,1000,-1.00,19.78
1000,0,19.08,-1.00
0,1000,-1.00,28.59
1000,0,19.09,-1.00
1000,0,21.95,-1.00
1000,0,14.77,-1.00
1000,0,22.61,-1.00
1000,0,27.85,-1.00
0,1000,-1.00,25.98
1000,0,25.08,-1.00
1000,0,20.84,-1.00
1000,0,16.10,-1.00
0,1000,-1.00,28.19
1000,0,23.46,-1.00
0,1000,-1.00,22.92
1000,0,15.37,-1.00
1000,0,20.97,-1.00
1000,0,22.31,-1.00
0,1000,-1.00,22.35
1000,0,16.22,-1.00
1000,0,28.15,-1.00
1000,0,32.68,-1.00
1000,0,22.16,-1.00
0,1000,-1.00,51.11
1000,0,20.70,-1.00
1000,0,17.63,-1.00
0,1000,-1.00,26.09
1000,0,20.12,-1.00
0,1000,-1.00,24.47
1000,0,16.75,-1.00
1000,0,18.80,-1.00
1000,0,16.73,-1.00
0,1000,-1.00,26.09
1000,0,21.42,-1.00
1000,0,28.23,-1.00
1000,0,21.85,-1.00
1000,0,25.80,-1.00
1000,0,17.12,-1.00
0,1000,-1.00,31.32
1000,0,20.42,-1.00
1000,0,29.84,-1.00
1000,0,36.77,-1.00
1000,0,19.17,-1.00
1000,0,16.97,-1.00
1000,0,22.48,-1.00
0,1000,-1.00,31.86
1000,0,31.35,-1.00
1000,0,18.96,-1.00
0,1000,-1.00,15.10
1000,0,33.76,-1.00
1000,0,13.59,-1.00
1000,0,12.49,-1.00
1000,0,16.07,-1.00
0,1000,-1.00,19.89
0,1000,-1.00,19.36
1000,0,24.05,-1.00
0,1000,-1.00,21.96
1000,0,29.49,-1.00
1000,0,18.07,-1.00
0,1000,-1.00,30.84
1000,0,27.29,-1.00
1000,0,16.66,-1.00
1000,0,19.50,-1.00
1000,0,17.94,-1.00
1000,0,20.37,-1.00
1000,0,14.68,-1.00
1000,0,20.60,-1.00
1000,0,21.12,-1.00
1000,0,24.76,-1.00
1000,0,26.75,-1.00
0,1000,-1.00,16.01
1000,0,27.23,-1.00
1000,0,17.39,-1.00
1000,0,15.75,-1.00
1000,0,25.91,-1.00
1000,0,22.15,-1.00
1000,0,13.66,-1.00
1000,0,19.65,-1.00
1000,0,18.25,-1.00
0,1000,-1.00,16.93
1000,0,21.56,-1.00
1000,0,31.01,-1.00
0,1000,-1.00,31.26
1000,0,20.75,-1.00
1000,0,27.87,-1.00
1000,0,17.04,-1.00
1000,0,19.92,-1.00
1000,0,27.60,-1.00
1000,0,24.78,-1.00
1000,0,18.44,-1.00
0,1000,-1.00,22.23
1000,0,26.53,-1.00
1000,0,18.01,-1.00
1000,0,23.66,-1.00
1000,0,27.95,-1.00
0,1000,-1.00,17.27
0,1000,-1.00,26.79
1000,0,20.05,-1.00
0,1000,-1.00,24.07
0,1000,-1.00,25.82
0,1000,-1.00,19.53
1000,0,18.06,-1.00
1000,0,32.13,-1.00
1000,0,22.43,-1.00
1000,0,29.76,-1.00
1000,0,16.04,-1.00
1000,0,15.12,-1.00
1000,0,13.50,-1.00
1000,0,25.17,-1.00
1000,0,17.84,-1.00
0,1000,-1.00,51.37
1000,0,24.91,-1.00
0,1000,-1.00,26.83
1000,0,30.82,-1.00
1000,0,16.06,-1.00
0,1000,-1.00,23.74
1000,0,16.16,-1.00
1000,0,17.99,-1.00
0,1000,-1.00,24.43
1000,0,33.66,-1.00
1000,0,16.32,-1.00
0,1000,-1.00,17.34
1000,0,25.87,-1.00
1000,0,17.40,-1.00
0,1000,-1.00,31.63
1000,0,22.76,-1.00
1000,0,17.02,-1.00
0,1000,-1.00,25.99
1000,0,14.85,-1.00
1000,0,16.81,-1.00
1000,0,30.23,-1.00
1000,0,26.91,-1.00
1000,0,20.94,-1.00
1000,0,29.28,-1.00
0,1000,-1.00,26.19
0,1000,-1.00,21.05
0,1000,-1.00,22.12
1000,0,18.78,-1.00
1000,0,24.89,-1.00
1000,0,17.87,-1.00
0,1000,-1.00,27.52
1000,0,16.80,-1.00
1000,0,16.55,-1.00
1000,0,14.79,-1.00
0,1000,-1.00,24.82
0,1000,-1.00,31.49
0,1000,-1.00,40.85
1000,0,16.31,-1.00
1000,0,25.10,-1.00
1000,0,15.05,-1.00
1000,0,18.50,-1.00
1000,0,21.28,-1.00
1000,0,19.85,-1.00
0,1000,-1.00,20.07
1000,0,25.27,-1.00
1000,0,15.38,-1.00
1000,0,20.47,-1.00
1000,0,26.08,-1.00
1000,0,24.45,-1.00
1000,0,16.42,-1.00
1000,0,18.32,-1.00
0,1000,-1.00,23.70
1000,0,21.10,-1.00
1000,0,29.31,-1.00
1000,0,14.63,-1.00
1000,0,17.29,-1.00
1000,0,19.01,-1.00
0,1000,-1.00,18.69
1000,0,30.90,-1.00
1000,0,20.79,-1.00
1000,0,26.75,-1.00
1000,0,19.60,-1.00
0,1000,-1.00,18.33
1000,0,22.80,-1.00
0,1000,-1.00,17.91
1000,0,16.64,-1.00
1000,0,26.82,-1.00
0,1000,-1.00,26.82
1000,0,19.24,-1.00
1000,0,21.60,-1.00
1000,0,16.34,-1.00
0,1000,-1.00,24.51
1000,0,16.34,-1.00
1000,0,16.62,-1.00
1000,0,16.18,-1.00
0,1000,-1.00,25.79
0,1000,-1.00,20.73
1000,0,16.66,-1.00
1000,0,28.86,-1.00
0,1000,-1.00,15.39
1000,0,45.32,-1.00
1000,0,23.83,-1.00
1000,0,15.29,-1.00
1000,0,17.92,-1.00
1000,0,15.06,-1.00
1000,0,16.62,-1.00
1000,0,17.49,-1.00
0,1000,-1.00,18.79
1000,0,17.76,-1.00
0,1000,-1.00,20.13
0,1000,-1.00,20.63
1000,0,19.08,-1.00
1000,0,25.50,-1.00
1000,0,16.69,-1.00
0,1000,-1.00,25.06
1000,0,19.13,-1.00
0,1000,-1.00,20.78
1000,0,14.87,-1.00
0,1000,-1.00,23.88
1000,0,17.62,-1.00
1000,0,16.97,-1.00
1000,0,21.08,-1.00
1000,0,18.26,-1.00
1000,0,29.08,-1.00
1000,0,19.88,-1.00
1000,0,28.26,-1.00
1000,0,14.45,-1.00
0,1000,-1.00,24.24
1000,0,18.08,-1.00
1000,0,28.42,-1.00
1000,0,17.87,-1.00
1000,0,18.70,-1.00
1000,0,24.20,-1.00
1000,0,22.54,-1.00
1000,0,32.68,-1.00
1000,0,31.54,-1.00
1000,0,23.26,-1.00
0,1000,-1.00,15.80
1000,0,28.72,-1.00
1000,0,45.84,-1.00
1000,0,9.93,-1.00
1000,0,19.38,-1.00
1000,0,33.46,-1.00
1000,0,18.29,-1.00
1000,0,14.15,-1.00
1000,0,21.99,-1.00
1000,0,15.07,-1.00
1000,0,15.07,-1.00
1000,0,24.15,-1.00
1000,0,23.55,-1.00
1000,0,41.23,-1.00
1000,0,32.57,-1.00
1000,0,24.37,-1.00
0,1000,-1.00,29.54
1000,0,18.72,-1.00
1000,0,24.60,-1.00
0,1000,-1.00,22.41
1000,0,32.75,-1.00
1000,0,20.10,-1.00
1000,0,21.64,-1.00
1000,0,29.06,-1.00
0,1000,-1.00,43.50
1000,0,16.81,-1.00
1000,0,19.66,-1.00
1000,0,15.75,-1.00
1000,0,15.04,-1.00
1000,0,14.82,-1.00
1000,0,16.51,-1.00
0,1000,-1.00,38.17
0,1000,-1.00,21.48
1000,0,16.26,-1.00
1000,0,15.56,-1.00
0,1000,-1.00,17.17
1000,0,24.06,-1.00
1000,0,18.93,-1.00
1000,0,15.96,-1.00
1000,0,33.94,-1.00
1000,0,16.90,-1.00
1000,0,15.23,-1.00
0,1000,-1.00,40.35
0,1000,-1.00,20.60
1000,0,14.14,-1.00
0,1000,-1.00,30.06
1000,0,16.35,-1.00
1000,0,17.37,-1.00
1000,0,19.98,-1.00
1000,0,12.77,-1.00
1000,0,17.04,-1.00
1000,0,15.91,-1.00
1000,0,15.93,-1.00
0,1000,-1.00,59.36
1000,0,14.82,-1.00
1000,0,17.82,-1.00
1000,0,20.16,-1.00
0,1000,-1.00,31.05
1000,0,20.63,-1.00
1000,0,11.04,-1.00
0,1000,-1.00,19.81
1000,0,14.93,-1.00
1000,0,14.80,-1.00
0,1000,-1.00,19.57
1000,0,18.74,-1.00
1000,0,18.39,-1.00
1000,0,20.26,-1.00
0,1000,-1.00,17.50
1000,0,21.26,-1.00
1000,0,26.48,-1.00
1000,0,24.34,-1.00
1000,0,21.99,-1.00
1000,0,18.99,-1.00
1000,0,24.98,-1.00
1000,0,27.09,-1.00
1000,0,20.66,-1.00
1000,0,22.15,-1.00
0,1000,-1.00,19.33
1000,0,19.59,-1.00
1000,0,17.74,-1.00
0,1000,-1.00,20.68
1000,0,20.28,-1.00
1000,0,14.95,-1.00
1000,0,18.52,-1.00
1000,0,22.65,-1.00
1000,0,16.50,-1.00
0,1000,-1.00,23.83
1000,0,15.90,-1.00
1000,0,18.41,-1.00
1000,0,20.32,-1.00
1000,0,20.39,-1.00
1000,0,42.18,-1.00
1000,0,21.03,-1.00
1000,0,13.96,-1.00
1000,0,13.27,-1.00
1000,0,21.33,-1.00
1000,0,22.28,-1.00
1000,0,23.54,-1.00
0,1000,-1.00,32.60
1000,0,15.72,-1.00
1000,0,21.57,-1.00
1000,0,18.97,-1.00
1000,0,21.76,-1.00
1000,0,19.08,-1.00
1000,0,22.80,-1.00
1000,0,13.91,-1.00
0,1000,-1.00,38.02
1000,0,15.10,-1.00
1000,0,16.28,-1.00
1000,0,15.83,-1.00
1000,0,17.95,-1.00
0,1000,-1.00,23.07
1000,0,32.08,-1.00
1000,0,23.80,-1.00
1000,0,20.80,-1.00
1000,0,15.79,-1.00
1000,0,30.03,-1.00
1000,0,14.98,-1.00
1000,0,15.13,-1.00
0,1000,-1.00,24.46
1000,0,21.29,-1.00
1000,0,22.32,-1.00
0,1000,-1.00,34.46
1000,0,14.77,-1.00
1000,0,17.61,-1.00
1000,0,21.13,-1.00
1000,0,24.44,-1.00
1000,0,15.98,-1.00
1000,0,25.04,-1.00
0,1000,-1.00,22.48
1000,0,18.19,-1.00
1000,0,19.15,-1.00
1000,0,42.79,-1.00
1000,0,19.88,-1.00
1000,0,22.02,-1.00
1000,0,25.11,-1.00
1000,0,15.90,-1.00
0,1000,-1.00,19.10
1000,0,28.17,-1.00
1000,0,14.77,-1.00
1000,0,22.51,-1.00
0,1000,-1.00,22.14
0,1000,-1.00,19.80
0,1000,-1.00,21.30
1000,0,18.28,-1.00
0,1000,-1.00,23.09
1000,0,19.95,-1.00
1000,0,16.60,-1.00
1000,0,14.50,-1.00
1000,0,26.06,-1.00
1000,0,18.04,-1.00
1000,0,18.62,-1.00
1000,0,18.54,-1.00
1000,0,15.68,-1.00
0,1000,-1.00,16.61
1000,0,21.27,-1.00
0,1000,-1.00,31.28
1000,0,23.24,-1.00
0,1000,-1.00,35.08
0,1000,-1.00,32.25
0,1000,-1.00,27.02
1000,0,18.01,-1.00
1000,0,31.60,-1.00
1000,0,22.57,-1.00
1000,0,17.43,-1.00
1000,0,25.10,-1.00
1000,0,27.47,-1.00
1000,0,15.70,-1.00
1000,0,20.39,-1.00
0,1000,-1.00,18.16
1000,0,18.67,-1.00
1000,0,17.51,-1.00
1000,0,24.51,-1.00
1000,0,46.25,-1.00
1000,0,19.39,-1.00
1000,0,19.40,-1.00
1000,0,21.54,-1.00
1000,0,19.51,-1.00
1000,0,24.72,-1.00
1000,0,14.17,-1.00
1000,0,17.51,-1.00
1000,0,28.36,-1.00
1000,0,17.92,-1.00
1000,0,18.34,-1.00
1000,0,20.44,-1.00
1000,0,19.52,-1.00
1000,0,14.51,-1.00
1000,0,26.05,-1.00
1000,0,15.77,-1.00
0,1000,-1.00,21.39
1000,0,17.26,-1.00
0,1000,-1.00,23.60
0,1000,-1.00,21.86
0,1000,-1.00,18.24
1000,0,18.06,-1.00
0,1000,-1.00,18.19
1000,0,19.69,-1.00
1000,0,20.23,-1.00
1000,0,19.46,-1.00
0,1000,-1.00,29.20
0,1000,-1.00,22.25
1000,0,22.73,-1.00
1000,0,25.79,-1.00
0,1000,-1.00,26.01
0,1000,-1.00,25.15
1000,0,20.10,-1.00
0,1000,-1.00,24.20
1000,0,16.90,-1.00
1000,0,17.36,-1.00
0,1000,-1.00,26.78
0,1000,-1.00,19.43
0,1000,-1.00,29.65
1000,0,13.68,-1.00
1000,0,24.80,-1.00
1000,0,18.40,-1.00
0,1000,-1.00,20.82
1000,0,20.28,-1.00
1000,0,16.66,-1.00
1000,0,15.26,-1.00
0,1000,-1.00,24.28
1000,0,31.20,-1.00
1000,0,15.23,-1.00
1000,0,18.03,-1.00
0,1000,-1.00,22.62
1000,0,26.64,-1.00
0,1000,-1.00,15.94
0,1000,-1.00,19.64
0,1000,-1.00,33.16
1000,0,22.01,-1.00
0,1000,-1.00,31.07
0,1000,-1.00,22.70
0,1000,-1.00,22.73
0,1000,-1.00,29.57
1000,0,46.49,-1.00
0,1000,-1.00,16.93
1000,0,16.33,-1.00
1000,0,17.57,-1.00
1000,0,14.95,-1.00
1000,0,19.01,-1.00
1000,0,27.59,-1.00
1000,0,16.42,-1.00
1000,0,19.19,-1.00
0,1000,-1.00,21.40
1000,0,20.56,-1.00
1000,0,28.13,-1.00
1000,0,21.50,-1.00
1000,0,16.13,-1.00
1000,0,16.85,-1.00
1000,0,20.53,-1.00
1000,0,31.10,-1.00
1000,0,29.99,-1.00
1000,0,25.76,-1.00
0,1000,-1.00,23.84
0,1000,-1.00,31.85
0,1000,-1.00,21.61
1000,0,23.30,-1.00
1000,0,28.64,-1.00
1000,0,18.31,-1.00
1000,0,17.55,-1.00
1000,0,23.74,-1.00
1000,0,15.96,-1.00
1000,0,28.69,-1.00
1000,0,22.15,-1.00
1000,0,18.18,-1.00
1000,0,21.84,-1.00
1000,0,25.04,-1.00
0,1000,-1.00,19.82
1000,0,24.80,-1.00
0,1000,-1.00,22.01
1000,0,15.58,-1.00
1000,0,17.09,-1.00
1000,0,19.23,-1.00
1000,0,21.46,-1.00
1000,0,17.33,-1.00
1000,0,14.95,-1.00
1000,0,14.65,-1.00
1000,0,25.13,-1.00
1000,0,23.44,-1.00
0,1000,-1.00,26.45
1000,0,29.96,-1.00
0,1000,-1.00,16.77
0,1000,-1.00,22.42
1000,0,14.91,-1.00
1000,0,20.64,-1.00
1000,0,28.63,-1.00
0,1000,-1.00,21.79
0,1000,-1.00,19.36
1000,0,17.44,-1.00
1000,0,19.03,-1.00
1000,0,20.19,-1.00
1000,0,15.91,-1.00
1000,0,30.08,-1.00
1000,0,25.92,-1.00
1000,0,27.62,-1.00
1000,0,17.21,-1.00
0,1000,-1.00,29.76
0,1000,-1.00,33.08
1000,0,17.40,-1.00
0,1000,-1.00,24.27
0,1000,-1.00,19.92
1000,0,28.22,-1.00
1000,0,16.24,-1.00
1000,0,22.90,-1.00
0,1000,-1.00,17.16
1000,0,17.02,-1.00
0,1000,-1.00,25.81
0,1000,-1.00,16.93
1000,0,19.69,-1.00
1000,0,15.80,-1.00
1000,0,21.00,-1.00
1000,0,22.23,-1.00
1000,0,24.68,-1.00
1000,0,19.62,-1.00
1000,0,22.69,-1.00
1000,0,13.71,-1.00
1000,0,29.47,-1.00
0,1000,-1.00,34.78
1000,0,16.20,-1.00
1000,0,19.62,-1.00
0,1000,-1.00,21.47
1000,0,25.17,-1.00
1000,0,20.08,-1.00
1000,0,19.13,-1.00
1000,0,18.07,-1.00
1000,0,19.66,-1.00
1000,0,17.94,-1.00
0,1000,-1.00,21.13
1000,0,25.96,-1.00
0,1000,-1.00,29.89
1000,0,21.27,-1.00
1000,0,38.00,-1.00
1000,0,17.66,-1.00
1000,0,17.33,-1.00
1000,0,25.26,-1.00
1000,0,26.33,-1.00
1000,0,21.08,-1.00
1000,0,38.14,-1.00
1000,0,26.20,-1.00
1000,0,20.84,-1.00
1000,0,15.56,-1.00
1000,0,42.46,-1.00
1000,0,23.98,-1.00
1000,0,19.88,-1.00
1000,0,24.23,-1.00
1000,0,32.68,-1.00
1000,0,25.86,-1.00
1000,0,17.10,-1.00
0,1000,-1.00,24.81
0,1000,-1.00,21.34
1000,0,24.12,-1.00
1000,0,18.87,-1.00
0,1000,-1.00,19.97
1000,0,22.10,-1.00
1000,0,20.94,-1.00
1000,0,19.96,-1.00
1000,0,16.89,-1.00
1000,0,20.06,-1.00
0,1000,-1.00,28.14
1000,0,20.72,-1.00
1000,0,20.45,-1.00
1000,0,21.64,-1.00
1000,0,35.08,-1.00
1000,0,24.89,-1.00
1000,0,16.34,-1.00
1000,0,15.01,-1.00
0,1000,-1.00,17.11
1000,0,19.70,-1.00
1000,0,16.98,-1.00
0,1000,-1.00,25.84
1000,0,27.89,-1.00
1000,0,22.92,-1.00
1000,0,15.72,-1.00
1000,0,16.19,-1.00
0,1000,-1.00,27.10
0,1000,-1.00,18.72
1000,0,15.95,-1.00
1000,0,24.73,-1.00
1000,0,26.50,-1.00
1000,0,23.10,-1.00
1000,0,23.58,-1.00
1000,0,21.02,-1.00
1000,0,22.98,-1.00
1000,0,19.57,-1.00
1000,0,20.08,-1.00
1000,0,22.74,-1.00
0,1000,-1.00,17.78
0,1000,-1.00,23.91
1000,0,14.05,-1.00
1000,0,18.47,-1.00
1000,0,19.08,-1.00
1000,0,23.71,-1.00
1000,0,23.52,-1.00
1000,0,19.18,-1.00
0,1000,-1.00,17.37
1000,0,28.60,-1.00
1000,0,17.87,-1.00
0,1000,-1.00,36.36
1000,0,15.97,-1.00
1000,0,16.99,-1.00
1000,0,21.42,-1.00
1000,0,15.40,-1.00
1000,0,15.22,-1.00
1000,0,16.60,-1.00
0,1000,-1.00,27.94
0,1000,-1.00,19.74
1000,0,11.26,-1.00
1000,0,17.86,-1.00
1000,0,15.93,-1.00
1000,0,20.97,-1.00
1000,0,30.77,-1.00
1000,0,16.62,-1.00
1000,0,18.42,-1.00
1000,0,29.87,-1.00
1000,0,20.94,-1.00
1000,0,22.32,-1.00
1000,0,18.68,-1.00
0,1000,-1.00,21.33
1000,0,29.45,-1.00
1000,0,18.49,-1.00
1000,0,25.99,-1.00
1000,0,19.13,-1.00
0,1000,-1.00,23.14
0,1000,-1.00,21.80
1000,0,25.76,-1.00
0,1000,-1.00,19.43
0,1000,-1.00,25.89
0,1000,-1.00,26.65
1000,0,16.81,-1.00
0,1000,-1.00,26.31
0,1000,-1.00,27.78
1000,0,19.35,-1.00
1000,0,16.23,-1.00
1000,0,20.27,-1.00
1000,0,19.24,-1.00
1000,0,17.78,-1.00
0,1000,-1.00,22.58
1000,0,32.46,-1.00
1000,0,19.82,-1.00
1000,0,25.41,-1.00
1000,0,18.01,-1.00
0,1000,-1.00,20.19
1000,0,24.93,-1.00
0,1000,-1.00,34.28
1000,0,21.65,-1.00
1000,0,16.69,-1.00
1000,0,23.03,-1.00
0,1000,-1.00,21.68
1000,0,23.19,-1.00
1000,0,32.71,-1.00
1000,0,22.68,-1.00
0,1000,-1.00,42.85
1000,0,15.87,-1.00
1000,0,24.73,-1.00
0,1000,-1.00,26.03
1000,0,20.08,-1.00
1000,0,17.23,-1.00
0,1000,-1.00,35.40
0,1000,-1.00,24.66
1000,0,18.46,-1.00
1000,0,18.98,-1.00
1000,0,33.15,-1.00
0,1000,-1.00,18.88
1000,0,18.42,-1.00
0,1000,-1.00,26.31
1000,0,13.15,-1.00
1000,0,21.36,-1.00
0,1000,-1.00,17.98
1000,0,16.50,-1.00
0,1000,-1.00,23.55
0,1000,-1.00,25.33
1000,0,21.51,-1.00
1000,0,24.73,-1.00
0,1000,-1.00,30.26
1000,0,16.79,-1.00
1000,0,13.53,-1.00
1000,0,19.86,-1.00
1000,0,21.50,-1.00
1000,0,17.68,-1.00
1000,0,23.07,-1.00
1000,0,14.17,-1.00
1000,0,21.48,-1.00
1000,0,27.96,-1.00
1000,0,31.14,-1.00
0,1000,-1.00,21.21
1000,0,15.67,-1.00
1000,0,15.86,-1.00
1000,0,16.26,-1.00
1000,0,17.68,-1.00
1000,0,17.09,-1.00
1000,0,18.37,-1.00
1000,0,22.13,-1.00
0,1000,-1.00,17.88
1000,0,17.79,-1.00
1000,0,17.61,-1.00
1000,0,16.48,-1.00
1000,0,27.89,-1.00
0,1000,-1.00,26.12
0,1000,-1.00,26.58
1000,0,17.99,-1.00
0,1000,-1.00,28.87
1000,0,29.66,-1.00
1000,0,18.90,-1.00
1000,0,16.63,-1.00
1000,0,23.73,-1.00
0,1000,-1.00,18.35
1000,0,18.06,-1.00
1000,0,23.86,-1.00
1000,0,21.06,-1.00
1000,0,16.15,-1.00
1000,0,31.48,-1.00
0,1000,-1.00,21.44
0,1000,-1.00,30.14
1000,0,23.05,-1.00
1000,0,24.00,-1.00
1000,0,17.20,-1.00
1000,0,18.80,-1.00
1000,0,18.05,-1.00
1000,0,16.07,-1.00
1000,0,21.68,-1.00
0,1000,-1.00,27.36
0,1000,-1.00,21.60
1000,0,25.19,-1.00
0,1000,-1.00,18.09
1000,0,24.89,-1.00
1000,0,17.51,-1.00
0,1000,-1.00,41.66
1000,0,22.28,-1.00
1000,0,17.11,-1.00
1000,0,24.72,-1.00
1000,0,40.55,-1.00
1000,0,20.54,-1.00
0,1000,-1.00,25.21
0,1000,-1.00,16.40
1000,0,18.32,-1.00
1000,0,19.82,-1.00
0,1000,-1.00,17.54
1000,0,18.01,-1.00
1000,0,18.97,-1.00
0,1000,-1.00,14.80
1000,0,17.44,-1.00
1000,0,22.69,-1.00
0,1000,-1.00,29.06
1000,0,21.80,-1.00
1000,0,19.58,-1.00
0,1000,-1.00,20.69
1000,0,20.48,-1.00
1000,0,44.46,-1.00
1000,0,24.92,-1.00
0,1000,-1.00,24.50
0,1000,-1.00,19.00
1000,0,24.68,-1.00
1000,0,30.57,-1.00
0,1000,-1.00,15.18
1000,0,19.67,-1.00
0,1000,-1.00,30.01
1000,0,16.68,-1.00
1000,0,17.23,-1.00
1000,0,24.25,-1.00
0,1000,-1.00,23.94
1000,0,23.56,-1.00
1000,0,20.38,-1.00
0,1000,-1.00,16.68
1000,0,22.64,-1.00
1000,0,17.95,-1.00
1000,0,19.19,-1.00
1000,0,12.93,-1.00
1000,0,27.25,-1.00
1000,0,27.03,-1.00
0,1000,-1.00,21.66
0,1000,-1.00,18.29
1000,0,18.74,-1.00
1000,0,28.31,-1.00
1000,0,22.82,-1.00
1000,0,20.32,-1.00
1000,0,43.93,-1.00
0,1000,-1.00,34.62
1000,0,16.30,-1.00
1000,0,21.64,-1.00
0,1000,-1.00,19.07
1000,0,22.80,-1.00
1000,0,39.03,-1.00
0,1000,-1.00,20.81
1000,0,20.45,-1.00
1000,0,33.46,-1.00
1000,0,20.09,-1.00
1000,0,20.13,-1.00
1000,0,21.13,-1.00
1000,0,23.11,-1.00
1000,0,18.48,-1.00
1000,0,15.35,-1.00
1000,0,21.91,-1.00
1000,0,22.24,-1.00
1000,0,34.58,-1.00
0,1000,-1.00,24.94
1000,0,17.92,-1.00
1000,0,22.69,-1.00
1000,0,22.14,-1.00
0,1000,-1.00,19.92
1000,0,19.32,-1.00
1000,0,29.93,-1.00
1000,0,17.81,-1.00
0,1000,-1.00,21.52
0,1000,-1.00,16.88
1000,0,21.84,-1.00
1000,0,24.06,-1.00
1000,0,17.21,-1.00
0,1000,-1.00,19.97
1000,0,17.19,-1.00
1000,0,22.83,-1.00
0,1000,-1.00,30.11
1000,0,13.38,-1.00
1000,0,16.89,-1.00
1000,0,16.87,-1.00
1000,0,15.72,-1.00
1000,0,23.38,-1.00
1000,0,18.53,-1.00
1000,0,15.15,-1.00
1000,0,31.51,-1.00
1000,0,29.19,-1.00
0,1000,-1.00,27.16
1000,0,25.06,-1.00
1000,0,16.36,-1.00
1000,0,14.34,-1.00
0,1000,-1.00,15.77
1000,0,18.68,-1.00
1000,0,16.67,-1.00
1000,0,15.02,-1.00
1000,0,19.01,-1.00
1000,0,28.00,-1.00
1000,0,18.10,-1.00
1000,0,21.95,-1.00
0,1000,-1.00,25.41
1000,0,20.76,-1.00
1000,0,22.39,-1.00
0,1000,-1.00,30.62
0,1000,-1.00,17.74
1000,0,21.97,-1.00
1000,0,17.18,-1.00
1000,0,19.36,-1.00
1000,0,19.94,-1.00
1000,0,16.87,-1.00
1000,0,19.41,-1.00
1000,0,16.38,-1.00
0,1000,-1.00,27.05
1000,0,21.11,-1.00
1000,0,22.51,-1.00
1000,0,14.17,-1.00
1000,0,14.31,-1.00
1000,0,37.72,-1.00
1000,0,13.54,-1.00
0,1000,-1.00,19.17
0,1000,-1.00,41.67
0,1000,-1.00,20.82
0,1000,-1.00,20.46
1000,0,17.22,-1.00
1000,0,15.39,-1.00
1000,0,18.18,-1.00
0,1000,-1.00,34.38
1000,0,24.49,-1.00
1000,0,16.89,-1.00
0,1000,-1.00,24.90
0,1000,-1.00,18.09
1000,0,15.84,-1.00
1000,0,28.91,-1.00
1000,0,20.82,-1.00
0,1000,-1.00,22.25
1000,0,22.22,-1.00
1000,0,18.08,-1.00
0,1000,-1.00,19.50
1000,0,24.05,-1.00
1000,0,17.49,-1.00
0,1000,-1.00,25.32
1000,0,26.89,-1.00
1000,0,17.53,-1.00
1000,0,33.11,-1.00
1000,0,18.14,-1.00
1000,0,16.60,-1.00
1000,0,17.63,-1.00
0,1000,-1.00,27.59
1000,0,20.46,-1.00
1000,0,20.91,-1.00
1000,0,22.21,-1.00
1000,0,27.86,-1.00
1000,0,12.65,-1.00
1000,0,19.31,-1.00
1000,0,19.92,-1.00
1000,0,14.54,-1.00
1000,0,15.05,-1.00
1000,0,16.89,-1.00
0,1000,-1.00,36.23
1000,0,22.49,-1.00
1000,0,19.02,-1.00
0,1000,-1.00,23.48
1000,0,22.81,-1.00
1000,0,19.71,-1.00
1000,0,16.27,-1.00
1000,0,29.13,-1.00
1000,0,16.54,-1.00
1000,0,15.85,-1.00
1000,0,20.62,-1.00
1000,0,18.25,-1.00
0,1000,-1.00,19.34
1000,0,19.87,-1.00
1000,0,21.10,-1.00
1000,0,28.02,-1.00
1000,0,19.12,-1.00
1000,0,21.25,-1.00
1000,0,73.85,-1.00
1000,0,25.56,-1.00
0,1000,-1.00,21.63
0,1000,-1.00,16.75
0,1000,-1.00,22.17
1000,0,28.64,-1.00
1000,0,16.93,-1.00
1000,0,19.32,-1.00
0,1000,-1.00,21.00
0,1000,-1.00,19.27
1000,0,17.86,-1.00
0,1000,-1.00,18.42
1000,0,22.97,-1.00
1000,0,28.36,-1.00
0,1000,-1.00,21.44
1000,0,20.66,-1.00
1000,0,32.54,-1.00
1000,0,20.10,-1.00
1000,0,27.57,-1.00
1000,0,18.87,-1.00
1000,0,21.41,-1.00
1000,0,23.60,-1.00
1000,0,12.55,-1.00
1000,0,20.36,-1.00
0,1000,-1.00,25.41
1000,0,13.76,-1.00
1000,0,25.53,-1.00
0,1000,-1.00,26.59
1000,0,15.55,-1.00
0,1000,-1.00,20.78
1000,0,21.00,-1.00
0,1000,-1.00,21.76
1000,0,15.71,-1.00
0,1000,-1.00,20.01
1000,0,29.78,-1.00
1000,0,29.22,-1.00
1000,0,24.09,-1.00
1000,0,18.49,-1.00
1000,0,21.78,-1.00
1000,0,25.93,-1.00
0,1000,-1.00,21.41
1000,0,18.71,-1.00
1000,0,17.29,-1.00
0,1000,-1.00,28.79
1000,0,17.73,-1.00
1000,0,14.59,-1.00
1000,0,21.60,-1.00
1000,0,25.56,-1.00
1000,0,18.95,-1.00
0,1000,-1.00,25.64
1000,0,11.77,-1.00
0,1000,-1.00,20.45
1000,0,18.41,-1.00
1000,0,29.08,-1.00
1000,0,21.67,-1.00
1000,0,17.52,-1.00
0,1000,-1.00,21.78
1000,0,30.78,-1.00
0,1000,-1.00,24.65
1000,0,20.53,-1.00
1000,0,31.76,-1.00
0,1000,-1.00,23.48
1000,0,12.59,-1.00
1000,0,31.42,-1.00
1000,0,22.67,-1.00
1000,0,26.34,-1.00
1000,0,19.25,-1.00
1000,0,37.46,-1.00
1000,0,21.18,-1.00
1000,0,20.06,-1.00
1000,0,18.76,-1.00
1000,0,20.15,-1.00
1000,0,14.52,-1.00
1000,0,34.95,-1.00
1000,0,22.09,-1.00
0,1000,-1.00,16.49
1000,0,19.44,-1.00
1000,0,15.89,-1.00
1000,0,21.09,-1.00
0,1000,-1.00,37.99
1000,0,16.74,-1.00
1000,0,22.74,-1.00
1000,0,19.41,-1.00
0,1000,-1.00,23.66
0,1000,-1.00,26.39
1000,0,16.55,-1.00
1000,0,18.70,-1.00
1000,0,29.34,-1.00
1000,0,21.41,-1.00
1000,0,18.00,-1.00
1000,0,22.47,-1.00
0,1000,-1.00,28.40
0,1000,-1.00,20.24
1000,0,17.17,-1.00
1000,0,16.66,-1.00
1000,0,24.53,-1.00
1000,0,16.69,-1.00
1000,0,22.87,-1.00
0,1000,-1.00,16.10
1000,0,17.12,-1.00
1000,0,26.42,-1.00
1000,0,26.16,-1.00
1000,0,23.24,-1.00
1000,0,20.94,-1.00
1000,0,28.58,-1.00
1000,0,22.05,-1.00
0,1000,-1.00,19.70
1000,0,20.75,-1.00
1000,0,13.24,-1.00
1000,0,17.88,-1.00
1000,0,14.94,-1.00
1000,0,32.43,-1.00
1000,0,11.81,-1.00
1000,0,19.41,-1.00
1000,0,24.25,-1.00
1000,0,17.99,-1.00
0,1000,-1.00,20.72
0,1000,-1.00,23.42
1000,0,18.37,-1.00
1000,0,29.57,-1.00
1000,0,18.25,-1.00
0,1000,-1.00,34.65
1000,0,23.72,-1.00
1000,0,20.65,-1.00
1000,0,17.77,-1.00
1000,0,21.56,-1.00
1000,0,15.02,-1.00
0,1000,-1.00,24.40
1000,0,28.31,-1.00
1000,0,17.48,-1.00
1000,0,35.15,-1.00
0,1000,-1.00,26.26
1000,0,43.04,-1.00
1000,0,27.46,-1.00
1000,0,19.88,-1.00
1000,0,13.97,-1.00
0,1000,-1.00,32.14
0,1000,-1.00,23.29
0,1000,-1.00,19.72
1000,0,17.11,-1.00
1000,0,17.90,-1.00
1000,0,21.28,-1.00
0,1000,-1.00,29.55
1000,0,27.15,-1.00
1000,0,17.45,-1.00
1000,0,27.81,-1.00
1000,0,17.86,-1.00
1000,0,14.48,-1.00
1000,0,28.11,-1.00
1000,0,38.35,-1.00
1000,0,17.23,-1.00
1000,0,17.28,-1.00
0,1000,-1.00,25.33
1000,0,19.76,-1.00
1000,0,20.99,-1.00
0,1000,-1.00,20.71
1000,0,19.61,-1.00
0,1000,-1.00,35.59
1000,0,17.28,-1.00
1000,0,17.22,-1.00
0,1000,-1.00,20.68
1000,0,23.00,-1.00
1000,0,26.45,-1.00
1000,0,17.71,-1.00
1000,0,26.47,-1.00
1000,0,15.73,-1.00
1000,0,20.94,-1.00
1000,0,22.61,-1.00
0,1000,-1.00,25.81
1000,0,20.57,-1.00
1000,0,19.64,-1.00
0,1000,-1.00,23.42
1000,0,30.73,-1.00
0,1000,-1.00,24.66
1000,0,15.70,-1.00
1000,0,30.31,-1.00
1000,0,18.25,-1.00
0,1000,-1.00,24.39
1000,0,16.97,-1.00
1000,0,16.82,-1.00
0,1000,-1.00,36.61
1000,0,22.46,-1.00
1000,0,20.82,-1.00
1000,0,17.08,-1.00
1000,0,18.55,-1.00
1000,0,20.44,-1.00
1000,0,18.18,-1.00
1000,0,23.19,-1.00
1000,0,18.00,-1.00
1000,0,19.72,-1.00
1000,0,32.26,-1.00
1000,0,11.70,-1.00
1000,0,37.69,-1.00
1000,0,24.68,-1.00
1000,0,16.87,-1.00
1000,0,18.25,-1.00
0,1000,-1.00,16.76
0,1000,-1.00,25.01
1000,0,13.94,-1.00
1000,0,14.92,-1.00
1000,0,27.60,-1.00
1000,0,18.38,-1.00
0,1000,-1.00,34.17
1000,0,22.66,-1.00
1000,0,19.69,-1.00
1000,0,16.49,-1.00
0,1000,-1.00,16.48
1000,0,16.64,-1.00
0,1000,-1.00,29.38
1000,0,15.05,-1.00
0,1000,-1.00,31.31
1000,0,18.31,-1.00
0,1000,-1.00,19.71
1000,0,16.20,-1.00
0,1000,-1.00,24.85
1000,0,28.67,-1.00
1000,0,21.98,-1.00
1000,0,19.98,-1.00
1000,0,35.58,-1.00
1000,0,19.93,-1.00
1000,0,18.42,-1.00
1000,0,20.62,-1.00
0,1000,-1.00,18.51
1000,0,41.20,-1.00
0,1000,-1.00,16.68
1000,0,25.61,-1.00
0,1000,-1.00,30.10
0,1000,-1.00,20.66
1000,0,28.57,-1.00
1000,0,20.70,-1.00
1000,0,26.02,-1.00
0,1000,-1.00,24.67
1000,0,19.58,-1.00
1000,0,31.83,-1.00
1000,0,40.24,-1.00
1000,0,22.31,-1.00
1000,0,22.02,-1.00
1000,0,21.24,-1.00
0,1000,-1.00,26.42
1000,0,15.11,-1.00
1000,0,24.50,-1.00
1000,0,17.21,-1.00
1000,0,17.50,-1.00
1000,0,23.17,-1.00
1000,0,16.43,-1.00
1000,0,17.88,-1.00
1000,0,17.13,-1.00
0,1000,-1.00,22.90
1000,0,17.42,-1.00
1000,0,17.64,-1.00
1000,0,18.90,-1.00
1000,0,16.62,-1.00
0,1000,-1.00,18.85
0,1000,-1.00,27.57
1000,0,19.19,-1.00
1000,0,27.47,-1.00
1000,0,20.87,-1.00
1000,0,23.73,-1.00
0,1000,-1.00,25.57
0,1000,-1.00,20.81
1000,0,15.49,-1.00
1000,0,22.05,-1.00
1000,0,24.27,-1.00
0,1000,-1.00,25.59
0,1000,-1.00,30.39
1000,0,21.14,-1.00
0,1000,-1.00,25.48
1000,0,26.08,-1.00
0,1000,-1.00,21.16
1000,0,17.80,-1.00
1000,0,17.03,-1.00
1000,0,29.01,-1.00
1000,0,19.19,-1.00
1000,0,29.44,-1.00
0,1000,-1.00,29.91
1000,0,18.38,-1.00
0,1000,-1.00,21.15
1000,0,14.99,-1.00
1000,0,18.15,-1.00
1000,0,39.04,-1.00
0,1000,-1.00,19.57
1000,0,20.08,-1.00
1000,0,27.55,-1.00
1000,0,17.53,-1.00
1000,0,28.63,-1.00
1000,0,19.24,-1.00
1000,0,16.33,-1.00
0,1000,-1.00,27.39
1000,0,14.51,-1.00
1000,0,15.73,-1.00
0,1000,-1.00,20.92
1000,0,18.06,-1.00
1000,0,19.47,-1.00
0,1000,-1.00,20.38
1000,0,30.83,-1.00
0,1000,-1.00,20.18
1000,0,18.09,-1.00
1000,0,18.28,-1.00
1000,0,17.15,-1.00
1000,0,16.31,-1.00
1000,0,17.62,-1.00
1000,0,20.47,-1.00
0,1000,-1.00,22.95
1000,0,25.68,-1.00
0,1000,-1.00,28.49
1000,0,19.82,-1.00
1000,0,13.84,-1.00
0,1000,-1.00,31.07
0,1000,-1.00,24.23
0,1000,-1.00,34.10
1000,0,23.22,-1.00
1000,0,16.39,-1.00
1000,0,14.24,-1.00
0,1000,-1.00,21.59
0,1000,-1.00,23.42
1000,0,20.41,-1.00
1000,0,18.88,-1.00
1000,0,26.32,-1.00
1000,0,17.48,-1.00
1000,0,17.36,-1.00
1000,0,18.10,-1.00
1000,0,15.60,-1.00
1000,0,28.83,-1.00
1000,0,32.84,-1.00
1000,0,16.67,-1.00
1000,0,13.46,-1.00
1000,0,21.19,-1.00
1000,0,17.00,-1.00
0,1000,-1.00,21.44
1000,0,17.09,-1.00
1000,0,16.39,-1.00
0,1000,-1.00,29.70
1000,0,21.00,-1.00
0,1000,-1.00,25.56
1000,0,27.20,-1.00
1000,0,15.01,-1.00
1000,0,32.44,-1.00
1000,0,17.85,-1.00
1000,0,16.50,-1.00
1000,0,18.12,-1.00
1000,0,21.64,-1.00
1000,0,25.84,-1.00
0,1000,-1.00,20.78
1000,0,14.74,-1.00
0,1000,-1.00,18.23
1000,0,18.87,-1.00
1000,0,14.39,-1.00
1000,0,27.51,-1.00
0,1000,-1.00,22.27
1000,0,15.89,-1.00
1000,0,17.95,-1.00
1000,0,15.42,-1.00
1000,0,24.32,-1.00
1000,0,16.44,-1.00
1000,0,15.57,-1.00
1000,0,20.00,-1.00
1000,0,13.94,-1.00
1000,0,20.93,-1.00
1000,0,18.14,-1.00
0,1000,-1.00,36.30
0,1000,-1.00,24.20
1000,0,15.99,-1.00
1000,0,17.24,-1.00
1000,0,18.34,-1.00
1000,0,17.21,-1.00
1000,0,14.51,-1.00
1000,0,14.53,-1.00
0,1000,-1.00,15.44
0,1000,-1.00,21.36
1000,0,23.99,-1.00
0,1000,-1.00,26.17
1000,0,24.71,-1.00
1000,0,27.03,-1.00
1000,0,25.16,-1.00
1000,0,24.50,-1.00
1000,0,14.32,-1.00
1000,0,18.88,-1.00
1000,0,14.07,-1.00
1000,0,30.20,-1.00
1000,0,33.26,-1.00
1000,0,15.69,-1.00
1000,0,20.38,-1.00
0,1000,-1.00,18.52
0,1000,-1.00,23.20
1000,0,21.16,-1.00
0,1000,-1.00,19.92
1000,0,14.13,-1.00
1000,0,15.80,-1.00
1000,0,21.03,-1.00
1000,0,18.92,-1.00
1000,0,20.09,-1.00
1000,0,19.19,-1.00
0,1000,-1.00,22.67
0,1000,-1.00,17.97
1000,0,16.96,-1.00
1000,0,23.93,-1.00
1000,0,19.41,-1.00
1000,0,17.35,-1.00
1000,0,19.78,-1.00
1000,0,16.71,-1.00
0,1000,-1.00,33.40
1000,0,21.15,-1.00
0,1000,-1.00,25.90
1000,0,16.42,-1.00
1000,0,29.45,-1.00
1000,0,18.49,-1.00
0,1000,-1.00,24.63
1000,0,18.55,-1.00
0,1000,-1.00,25.68
0,1000,-1.00,19.13
1000,0,26.03,-1.00
1000,0,22.36,-1.00
1000,0,19.43,-1.00
1000,0,22.89,-1.00
1000,0,15.50,-1.00
0,1000,-1.00,18.19
1000,0,15.24,-1.00
1000,0,18.69,-1.00
0,1000,-1.00,25.38
1000,0,15.56,-1.00
1000,0,16.35,-1.00
1000,0,26.82,-1.00
0,1000,-1.00,17.00
1000,0,19.50,-1.00
1000,0,18.96,-1.00
1000,0,17.61,-1.00
1000,0,21.44,-1.00
1000,0,19.23,-1.00
0,1000,-1.00,26.12
1000,0,21.60,-1.00
1000,0,21.67,-1.00
0,1000,-1.00,29.58
1000,0,20.05,-1.00
1000,0,29.20,-1.00
1000,0,20.29,-1.00
1000,0,14.85,-1.00
0,1000,-1.00,23.35
1000,0,20.95,-1.00
1000,0,22.39,-1.00
1000,0,22.88,-1.00
1000,0,16.45,-1.00
1000,0,14.63,-1.00
1000,0,14.67,-1.00
1000,0,15.71,-1.00
0,1000,-1.00,20.06
1000,0,20.13,-1.00
0,1000,-1.00,25.37
0,1000,-1.00,17.12
1000,0,30.60,-1.00
0,1000,-1.00,29.53
1000,0,16.74,-1.00
1000,0,12.56,-1.00
1000,0,26.17,-1.00
1000,0,16.55,-1.00
1000,0,17.43,-1.00
1000,0,29.03,-1.00
1000,0,21.31,-1.00
0,1000,-1.00,31.08
1000,0,18.20,-1.00
1000,0,18.21,-1.00
0,1000,-1.00,30.11
1000,0,23.27,-1.00
1000,0,14.93,-1.00
1000,0,17.45,-1.00
1000,0,17.70,-1.00
1000,0,24.49,-1.00
1000,0,14.95,-1.00
1000,0,13.90,-1.00
1000,0,23.18,-1.00
1000,0,13.73,-1.00
1000,0,23.95,-1.00
1000,0,20.32,-1.00
1000,0,19.63,-1.00
1000,0,17.72,-1.00
1000,0,25.00,-1.00
0,1000,-1.00,23.28
1000,0,19.09,-1.00
1000,0,18.30,-1.00
1000,0,13.78,-1.00
1000,0,19.27,-1.00
0,1000,-1.00,19.60
1000,0,25.76,-1.00
1000,0,15.18,-1.00
1000,0,17.33,-1.00
1000,0,28.00,-1.00
0,1000,-1.00,22.20
1000,0,17.20,-1.00
0,1000,-1.00,20.77
0,1000,-1.00,40.43
1000,0,18.88,-1.00
0,1000,-1.00,17.75
1000,0,21.96,-1.00
1000,0,17.93,-1.00
1000,0,14.44,-1.00
0,1000,-1.00,18.79
1000,0,15.44,-1.00
1000,0,14.62,-1.00
1000,0,27.37,-1.00
1000,0,28.56,-1.00
1000,0,21.91,-1.00
0,1000,-1.00,24.56
1000,0,19.36,-1.00
1000,0,23.01,-1.00
1000,0,17.46,-1.00
0,1000,-1.00,17.60
1000,0,13.93,-1.00
1000,0,16.38,-1.00
0,1000,-1.00,20.11
0,1000,-1.00,28.62
0,1000,-1.00,21.04
0,1000,-1.00,28.74
1000,0,17.24,-1.00
0,1000,-1.00,25.42
1000,0,21.86,-1.00
0,1000,-1.00,19.67
1000,0,15.91,-1.00
0,1000,-1.00,21.65
1000,0,12.36,-1.00
1000,0,25.69,-1.00
1000,0,19.19,-1.00
1000,0,19.82,-1.00
1000,0,18.36,-1.00
1000,0,15.70,-1.00
1000,0,29.33,-1.00
1000,0,22.92,-1.00
0,1000,-1.00,20.46
1000,0,12.85,-1.00
0,1000,-1.00,32.21
1000,0,22.30,-1.00
1000,0,22.43,-1.00
0,1000,-1.00,43.25
0,1000,-1.00,25.53
1000,0,18.92,-1.00
0,1000,-1.00,29.37
1000,0,20.82,-1.00
1000,0,21.90,-1.00
1000,0,25.11,-1.00
1000,0,19.27,-1.00
1000,0,17.08,-1.00
0,1000,-1.00,33.21
1000,0,17.39,-1.00
0,1000,-1.00,19.90
1000,0,16.65,-1.00
1000,0,15.89,-1.00
1000,0,34.92,-1.00
1000,0,16.79,-1.00
0,1000,-1.00,24.86
1000,0,23.37,-1.00
1000,0,21.57,-1.00
1000,0,22.89,-1.00
1000,0,21.00,-1.00
0,1000,-1.00,21.01
1000,0,15.71,-1.00
1000,0,25.25,-1.00
1000,0,24.73,-1.00
1000,0,24.11,-1.00
1000,0,17.99,-1.00
1000,0,17.27,-1.00
1000,0,20.67,-1.00
1000,0,19.02,-1.00
1000,0,15.10,-1.00
0,1000,-1.00,18.00
1000,0,38.08,-1.00
0,1000,-1.00,14.47
1000,0,14.74,-1.00
1000,0,18.16,-1.00
1000,0,16.67,-1.00
1000,0,16.32,-1.00
1000,0,30.59,-1.00
1000,0,19.55,-1.00
1000,0,21.74,-1.00
1000,0,15.14,-1.00
1000,0,19.75,-1.00
1000,0,26.38,-1.00
1000,0,22.91,-1.00
1000,0,20.46,-1.00
1000,0,21.46,-1.00
1000,0,15.75,-1.00
1000,0,15.07,-1.00
0,1000,-1.00,23.76
1000,0,26.03,-1.00
1000,0,22.43,-1.00
1000,0,24.17,-1.00
1000,0,21.88,-1.00
0,1000,-1.00,23.11
1000,0,25.30,-1.00
1000,0,17.19,-1.00
1000,0,20.07,-1.00
0,1000,-1.00,18.92
1000,0,21.99,-1.00
1000,0,25.97,-1.00
1000,0,17.34,-1.00
1000,0,18.07,-1.00
1000,0,16.90,-1.00
1000,0,18.52,-1.00
0,1000,-1.00,24.19
0,1000,-1.00,19.74
0,1000,-1.00,27.29
1000,0,26.62,-1.00
1000,0,26.61,-1.00
1000,0,13.99,-1.00
1000,0,18.94,-1.00
1000,0,28.06,-1.00
0,1000,-1.00,41.54
1000,0,14.40,-1.00
1000,0,19.82,-1.00
1000,0,19.81,-1.00
1000,0,22.26,-1.00
1000,0,23.12,-1.00
1000,0,17.75,-1.00
1000,0,18.02,-1.00
1000,0,14.72,-1.00
1000,0,18.14,-1.00
1000,0,20.46,-1.00
0,1000,-1.00,19.82
0,1000,-1.00,18.44
1000,0,17.55,-1.00
1000,0,15.91,-1.00
1000,0,17.73,-1.00
1000,0,16.32,-1.00
1000,0,20.85,-1.00
0,1000,-1.00,17.78
1000,0,20.99,-1.00
0,1000,-1.00,15.01
1000,0,18.75,-1.00
1000,0,29.98,-1.00
1000,0,24.13,-1.00
1000,0,32.38,-1.00
1000,0,32.73,-1.00
1000,0,18.81,-1.00
1000,0,20.24,-1.00
0,1000,-1.00,25.52
1000,0,19.03,-1.00
1000,0,24.08,-1.00
1000,0,27.73,-1.00
0,1000,-1.00,22.67
0,1000,-1.00,24.39
1000,0,19.80,-1.00
0,1000,-1.00,24.53
1000,0,17.63,-1.00
0,1000,-1.00,33.26
1000,0,24.88,-1.00
1000,0,18.93,-1.00
1000,0,17.66,-1.00
1000,0,21.29,-1.00
1000,0,29.87,-1.00
1000,0,12.61,-1.00
0,1000,-1.00,26.56
0,1000,-1.00,19.65
0,1000,-1.00,20.63
0,1000,-1.00,17.51
1000,0,17.47,-1.00
1000,0,18.44,-1.00
1000,0,13.67,-1.00
1000,0,17.84,-1.00
1000,0,20.66,-1.00
1000,0,21.24,-1.00
1000,0,24.69,-1.00
1000,0,25.18,-1.00
0,1000,-1.00,22.10
1000,0,20.77,-1.00
1000,0,25.63,-1.00
1000,0,23.75,-1.00
1000,0,19.09,-1.00
0,1000,-1.00,25.71
1000,0,16.42,-1.00
1000,0,37.97,-1.00
0,1000,-1.00,26.09
0,1000,-1.00,28.36
1000,0,24.03,-1.00
0,1000,-1.00,16.91
1000,0,13.74,-1.00
1000,0,21.09,-1.00
1000,0,23.20,-1.00
1000,0,15.53,-1.00
0,1000,-1.00,30.19
0,1000,-1.00,19.85
1000,0,16.79,-1.00
1000,0,14.51,-1.00
1000,0,16.00,-1.00
1000,0,24.48,-1.00
1000,0,23.06,-1.00
1000,0,23.31,-1.00
0,1000,-1.00,25.59
1000,0,25.24,-1.00
1000,0,17.04,-1.00
0,1000,-1.00,14.85
0,1000,-1.00,17.69
0,1000,-1.00,21.88
0,1000,-1.00,27.44
1000,0,32.28,-1.00
1000,0,19.46,-1.00
1000,0,18.85,-1.00
1000,0,18.49,-1.00
1000,0,22.86,-1.00
1000,0,21.12,-1.00
1000,0,25.60,-1.00
1000,0,17.96,-1.00
1000,0,23.74,-1.00
1000,0,24.68,-1.00
1000,0,19.46,-1.00
1000,0,20.21,-1.00
1000,0,21.32,-1.00
1000,0,27.40,-1.00
1000,0,16.06,-1.00
1000,0,28.11,-1.00
1000,0,19.71,-1.00
0,1000,-1.00,19.57
1000,0,19.69,-1.00
0,1000,-1.00,17.66
0,1000,-1.00,23.80
0,1000,-1.00,17.20
1000,0,16.21,-1.00
0,1000,-1.00,16.34
0,1000,-1.00,15.21
1000,0,12.74,-1.00
0,1000,-1.00,26.71
1000,0,25.69,-1.00
1000,0,21.70,-1.00
1000,0,25.39,-1.00
1000,0,18.44,-1.00
1000,0,13.05,-1.00
1000,0,29.18,-1.00
1000,0,21.25,-1.00
1000,0,24.58,-1.00
1000,0,19.85,-1.00
1000,0,17.44,-1.00
1000,0,30.03,-1.00
1000,0,20.03,-1.00
1000,0,36.88,-1.00
1000,0,16.26,-1.00
1000,0,18.89,-1.00
0,1000,-1.00,17.95
0,1000,-1.00,24.74
1000,0,21.56,-1.00
1000,0,19.64,-1.00
1000,0,16.31,-1.00
1000,0,17.67,-1.00
1000,0,18.13,-1.00
1000,0,31.87,-1.00
0,1000,-1.00,31.18
1000,0,22.67,-1.00
0,1000,-1.00,21.99
1000,0,20.25,-1.00
1000,0,18.89,-1.00
0,1000,-1.00,21.88
0,1000,-1.00,25.65
0,1000,-1.00,32.22
1000,0,21.08,-1.00
1000,0,22.08,-1.00
1000,0,17.68,-1.00
1000,0,13.62,-1.00
1000,0,23.81,-1.00
1000,0,21.60,-1.00
1000,0,16.94,-1.00
1000,0,21.00,-1.00
1000,0,18.79,-1.00
1000,0,14.89,-1.00
1000,0,26.44,-1.00
0,1000,-1.00,25.70
1000,0,31.89,-1.00
1000,0,20.26,-1.00
1000,0,21.16,-1.00
1000,0,31.52,-1.00
0,1000,-1.00,29.73
1000,0,21.26,-1.00
1000,0,26.81,-1.00
0,1000,-1.00,20.88
1000,0,19.31,-1.00
1000,0,19.09,-1.00
1000,0,19.27,-1.00
1000,0,18.14,-1.00
1000,0,17.45,-1.00
1000,0,14.04,-1.00
1000,0,30.09,-1.00
1000,0,16.27,-1.00
0,1000,-1.00,19.10
1000,0,22.02,-1.00
1000,0,19.32,-1.00
1000,0,20.99,-1.00
0,1000,-1.00,28.16
1000,0,35.23,-1.00
1000,0,18.42,-1.00
1000,0,18.64,-1.00
1000,0,16.57,-1.00
1000,0,27.57,-1.00
1000,0,25.70,-1.00
1000,0,27.20,-1.00
1000,0,14.07,-1.00
1000,0,15.59,-1.00
0,1000,-1.00,28.63
1000,0,14.27,-1.00
1000,0,21.52,-1.00
1000,0,21.50,-1.00
1000,0,16.96,-1.00
1000,0,16.99,-1.00
1000,0,25.02,-1.00
1000,0,17.77,-1.00
1000,0,18.23,-1.00
1000,0,17.13,-1.00
1000,0,20.16,-1.00
0,1000,-1.00,21.78
1000,0,27.49,-1.00
1000,0,17.39,-1.00
1000,0,21.47,-1.00
1000,0,13.82,-1.00
1000,0,22.42,-1.00
1000,0,19.45,-1.00
1000,0,20.28,-1.00
1000,0,20.25,-1.00
0,1000,-1.00,26.46
0,1000,-1.00,25.92
1000,0,16.01,-1.00
1000,0,20.75,-1.00
1000,0,20.56,-1.00
0,1000,-1.00,21.81
1000,0,15.05,-1.00
1000,0,26.35,-1.00
1000,0,19.82,-1.00
0,1000,-1.00,21.84
1000,0,15.92,-1.00
1000,0,17.93,-1.00
1000,0,18.71,-1.00
1000,0,16.40,-1.00
1000,0,16.71,-1.00
1000,0,22.31,-1.00
0,1000,-1.00,24.25
1000,0,19.37,-1.00
1000,0,15.83,-1.00
0,1000,-1.00,19.17
0,1000,-1.00,21.71
1000,0,28.09,-1.00
1000,0,28.93,-1.00
1000,0,23.93,-1.00
1000,0,27.35,-1.00
0,1000,-1.00,24.92
1000,0,19.33,-1.00
1000,0,22.99,-1.00
0,1000,-1.00,28.33
1000,0,21.53,-1.00
1000,0,41.65,-1.00
0,1000,-1.00,23.56
1000,0,15.37,-1.00
1000,0,16.14,-1.00
1000,0,15.05,-1.00
1000,0,18.27,-1.00
1000,0,16.68,-1.00
0,1000,-1.00,15.17
1000,0,31.73,-1.00
0,1000,-1.00,19.92
1000,0,31.51,-1.00
1000,0,15.68,-1.00
1000,0,12.04,-1.00
1000,0,14.44,-1.00
1000,0,26.73,-1.00
0,1000,-1.00,25.97
1000,0,25.62,-1.00
1000,0,16.09,-1.00
1000,0,27.23,-1.00
1000,0,16.40,-1.00
0,1000,-1.00,18.90
1000,0,21.28,-1.00
0,1000,-1.00,20.67
0,1000,-1.00,24.25
1000,0,18.90,-1.00
0,1000,-1.00,19.49
1000,0,17.92,-1.00
1000,0,17.09,-1.00
0,1000,-1.00,26.14
1000,0,19.44,-1.00
1000,0,32.43,-1.00
0,1000,-1.00,25.01
1000,0,15.21,-1.00
1000,0,13.84,-1.00
1000,0,21.80,-1.00
1000,0,19.33,-1.00
1000,0,27.67,-1.00
1000,0,19.94,-1.00
1000,0,26.00,-1.00
0,1000,-1.00,32.25
0,1000,-1.00,23.72
1000,0,12.41,-1.00
1000,0,13.90,-1.00
0,1000,-1.00,35.15
1000,0,19.75,-1.00
1000,0,14.02,-1.00
0,1000,-1.00,24.80
1000,0,22.65,-1.00
0,1000,-1.00,17.11
1000,0,15.85,-1.00
0,1000,-1.00,18.43
0,1000,-1.00,30.65
1000,0,37.35,-1.00
1000,0,27.15,-1.00
0,1000,-1.00,36.93
1000,0,21.63,-1.00
1000,0,24.63,-1.00
0,1000,-1.00,34.95
1000,0,20.95,-1.00
0,1000,-1.00,31.86
0,1000,-1.00,25.67
1000,0,15.40,-1.00
1000,0,19.10,-1.00
1000,0,19.09,-1.00
0,1000,-1.00,32.78
1000,0,32.73,-1.00
1000,0,22.80,-1.00
1000,0,19.72,-1.00
0,1000,-1.00,37.46
1000,0,38.71,-1.00
1000,0,17.93,-1.00
1000,0,20.03,-1.00
1000,0,26.79,-1.00
1000,0,32.18,-1.00
1000,0,19.16,-1.00
0,1000,-1.00,24.72
1000,0,19.59,-1.00
1000,0,35.75,-1.00
1000,0,18.72,-1.00
1000,0,17.78,-1.00
1000,0,19.20,-1.00
1000,0,19.88,-1.00
1000,0,19.35,-1.00
1000,0,18.67,-1.00
1000,0,17.36,-1.00
0,1000,-1.00,21.90
0,1000,-1.00,31.02
1000,0,22.71,-1.00
1000,0,20.15,-1.00
1000,0,23.83,-1.00
0,1000,-1.00,17.84
0,1000,-1.00,25.10
1000,0,22.84,-1.00
1000,0,20.97,-1.00
1000,0,17.45,-1.00
0,1000,-1.00,16.67
1000,0,15.65,-1.00
1000,0,20.43,-1.00
1000,0,16.69,-1.00
1000,0,26.35,-1.00
1000,0,25.32,-1.00
1000,0,16.81,-1.00
0,1000,-1.00,20.97
1000,0,29.30,-1.00
1000,0,26.77,-1.00
1000,0,19.92,-1.00
1000,0,17.84,-1.00
1000,0,20.65,-1.00
1000,0,20.23,-1.00
1000,0,24.69,-1.00
1000,0,14.87,-1.00
1000,0,21.24,-1.00
0,1000,-1.00,15.53
1000,0,19.60,-1.00
1000,0,17.75,-1.00
1000,0,29.86,-1.00
1000,0,36.04,-1.00
1000,0,23.77,-1.00
1000,0,19.60,-1.00
1000,0,29.01,-1.00
1000,0,21.22,-1.00
1000,0,17.94,-1.00
1000,0,23.07,-1.00
1000,0,19.14,-1.00
0,1000,-1.00,40.20
1000,0,16.05,-1.00
1000,0,19.51,-1.00
0,1000,-1.00,32.47
1000,0,18.46,-1.00
1000,0,25.33,-1.00
0,1000,-1.00,20.90
0,1000,-1.00,17.09
1000,0,34.62,-1.00
0,1000,-1.00,21.00
1000,0,17.63,-1.00
1000,0,17.25,-1.00
1000,0,17.34,-1.00
1000,0,15.23,-1.00
0,1000,-1.00,17.55
0,1000,-1.00,25.33
1000,0,17.73,-1.00
1000,0,30.92,-1.00
1000,0,19.77,-1.00
1000,0,19.26,-1.00
0,1000,-1.00,28.05
0,1000,-1.00,36.70
1000,0,43.39,-1.00
1000,0,25.21,-1.00
0,1000,-1.00,19.75
1000,0,18.59,-1.00
1000,0,28.78,-1.00
1000,0,24.95,-1.00
0,1000,-1.00,16.78
1000,0,29.48,-1.00
1000,0,21.37,-1.00
1000,0,25.43,-1.00
1000,0,27.39,-1.00
0,1000,-1.00,23.31
1000,0,19.52,-1.00
1000,0,15.75,-1.00
1000,0,15.68,-1.00
0,1000,-1.00,27.05
1000,0,19.87,-1.00
1000,0,17.06,-1.00
0,1000,-1.00,19.48
1000,0,23.45,-1.00
0,1000,-1.00,17.07
0,1000,-1.00,20.93
1000,0,23.24,-1.00
0,1000,-1.00,24.45
1000,0,16.21,-1.00
1000,0,26.44,-1.00
0,1000,-1.00,29.12
1000,0,20.07,-1.00
1000,0,40.55,-1.00
1000,0,42.41,-1.00
0,1000,-1.00,24.46
1000,0,24.64,-1.00
0,1000,-1.00,18.03
1000,0,16.10,-1.00
0,1000,-1.00,21.70
1000,0,30.89,-1.00
0,1000,-1.00,20.57
1000,0,15.16,-1.00
0,1000,-1.00,23.49
0,1000,-1.00,37.05
0,1000,-1.00,24.76
1000,0,17.48,-1.00
0,1000,-1.00,29.78
0,1000,-1.00,27.25
1000,0,22.87,-1.00
0,1000,-1.00,45.36
1000,0,15.19,-1.00
1000,0,24.00,-1.00
1000,0,26.57,-1.00
0,1000,-1.00,27.79
1000,0,20.81,-1.00
1000,0,24.05,-1.00
1000,0,17.50,-1.00
1000,0,19.50,-1.00
1000,0,16.03,-1.00
1000,0,23.70,-1.00
1000,0,22.10,-1.00
1000,0,20.12,-1.00
0,1000,-1.00,26.80
1000,0,23.39,-1.00
1000,0,25.51,-1.00
0,1000,-1.00,29.60
1000,0,15.85,-1.00
1000,0,18.36,-1.00
0,1000,-1.00,21.82
1000,0,19.24,-1.00
1000,0,14.58,-1.00
1000,0,42.56,-1.00
1000,0,21.80,-1.00
1000,0,17.44,-1.00
0,1000,-1.00,16.63
0,1000,-1.00,29.95
1000,0,20.35,-1.00
1000,0,19.44,-1.00
1000,0,28.85,-1.00
1000,0,29.72,-1.00
1000,0,18.69,-1.00
1000,0,19.53,-1.00
1000,0,17.71,-1.00
0,1000,-1.00,35.14
1000,0,19.38,-1.00
1000,0,29.07,-1.00
1000,0,18.40,-1.00
0,1000,-1.00,25.73
1000,0,18.16,-1.00
0,1000,-1.00,24.77
1000,0,20.90,-1.00
1000,0,22.43,-1.00
1000,0,16.49,-1.00
1000,0,24.60,-1.00
1000,0,15.62,-1.00
1000,0,15.38,-1.00
0,1000,-1.00,18.31
1000,0,19.25,-1.00
1000,0,14.53,-1.00
1000,0,21.88,-1.00
1000,0,17.64,-1.00
1000,0,17.06,-1.00
1000,0,27.86,-1.00
1000,0,21.10,-1.00
1000,0,18.42,-1.00
0,1000,-1.00,21.37
1000,0,26.62,-1.00
0,1000,-1.00,23.92
1000,0,21.06,-1.00
1000,0,23.64,-1.00
1000,0,17.11,-1.00
1000,0,23.67,-1.00
0,1000,-1.00,18.88
0,1000,-1.00,18.04
1000,0,16.94,-1.00
0,1000,-1.00,18.76
0,1000,-1.00,19.69
1000,0,21.62,-1.00
1000,0,22.46,-1.00
0,1000,-1.00,20.43
0,1000,-1.00,32.67
1000,0,23.30,-1.00
1000,0,26.71,-1.00
1000,0,21.76,-1.00
1000,0,26.89,-1.00
1000,0,34.62,-1.00
1000,0,27.12,-1.00
0,1000,-1.00,17.64
0,1000,-1.00,37.63
1000,0,22.59,-1.00
1000,0,20.88,-1.00
1000,0,19.16,-1.00
1000,0,18.58,-1.00
1000,0,17.05,-1.00
0,1000,-1.00,17.49
1000,0,21.70,-1.00
1000,0,15.47,-1.00
1000,0,15.87,-1.00
0,1000,-1.00,24.93
1000,0,16.94,-1.00
1000,0,26.03,-1.00
1000,0,20.52,-1.00
0,1000,-1.00,25.07
1000,0,19.27,-1.00
1000,0,28.76,-1.00
1000,0,25.62,-1.00
0,1000,-1.00,23.84
1000,0,18.95,-1.00
1000,0,19.10,-1.00
1000,0,19.38,-1.00
1000,0,19.59,-1.00
1000,0,13.31,-1.00
1000,0,15.38,-1.00
1000,0,15.79,-1.00
1000,0,25.48,-1.00
1000,0,16.87,-1.00
0,1000,-1.00,26.69
1000,0,15.99,-1.00
0,1000,-1.00,20.65
1000,0,15.82,-1.00
1000,0,20.82,-1.00
1000,0,18.01,-1.00
1000,0,23.92,-1.00
1000,0,17.48,-1.00
0,1000,-1.00,17.44
1000,0,17.18,-1.00
0,1000,-1.00,18.77
1000,0,22.67,-1.00
0,1000,-1.00,23.42
1000,0,14.98,-1.00
1000,0,24.01,-1.00
1000,0,20.57,-1.00
0,1000,-1.00,25.03
1000,0,17.24,-1.00
1000,0,20.71,-1.00
1000,0,19.99,-1.00
0,1000,-1.00,20.75
1000,0,28.78,-1.00
1000,0,24.76,-1.00
0,1000,-1.00,22.62
0,1000,-1.00,19.69
1000,0,31.17,-1.00
0,1000,-1.00,20.39
1000,0,29.08,-1.00
1000,0,18.41,-1.00
1000,0,18.76,-1.00
1000,0,29.17,-1.00
1000,0,23.38,-1.00
0,1000,-1.00,18.44
0,1000,-1.00,29.05
1000,0,16.02,-1.00
0,1000,-1.00,22.36
1000,0,21.47,-1.00
1000,0,17.56,-1.00
1000,0,20.64,-1.00
1000,0,22.51,-1.00
0,1000,-1.00,31.37
1000,0,18.56,-1.00
1000,0,18.33,-1.00
1000,0,15.58,-1.00
1000,0,25.54,-1.00
1000,0,21.39,-1.00
1000,0,19.01,-1.00
0,1000,-1.00,26.65
1000,0,16.14,-1.00
0,1000,-1.00,22.42
1000,0,18.03,-1.00
0,1000,-1.00,24.25
0,1000,-1.00,19.57
1000,0,17.66,-1.00
1000,0,33.17,-1.00
0,1000,-1.00,23.79
1000,0,20.62,-1.00
1000,0,22.04,-1.00
1000,0,19.43,-1.00
1000,0,19.86,-1.00
1000,0,15.36,-1.00
1000,0,19.11,-1.00
1000,0,19.25,-1.00
1000,0,20.75,-1.00
1000,0,28.76,-1.00
1000,0,21.94,-1.00
1000,0,13.67,-1.00
1000,0,23.76,-1.00
1000,0,35.97,-1.00
1000,0,17.24,-1.00
0,1000,-1.00,26.25
0,1000,-1.00,18.07
1000,0,19.81,-1.00
1000,0,46.67,-1.00
1000,0,21.98,-1.00
0,1000,-1.00,36.31
1000,0,29.89,-1.00
0,1000,-1.00,17.43
1000,0,17.68,-1.00
1000,0,17.24,-1.00
1000,0,31.59,-1.00
0,1000,-1.00,21.08
0,1000,-1.00,20.99
1000,0,16.00,-1.00
0,1000,-1.00,21.59
1000,0,18.43,-1.00
1000,0,17.94,-1.00
0,1000,-1.00,38.97
1000,0,25.89,-1.00
1000,0,20.20,-1.00
1000,0,16.98,-1.00
1000,0,20.62,-1.00
1000,0,23.16,-1.00
1000,0,14.06,-1.00
1000,0,17.40,-1.00
1000,0,19.07,-1.00
1000,0,19.29,-1.00
1000,0,13.77,-1.00
1000,0,15.27,-1.00
1000,0,31.27,-1.00
0,1000,-1.00,28.63
1000,0,22.22,-1.00
1000,0,24.40,-1.00
0,1000,-1.00,23.77
1000,0,31.10,-1.00
1000,0,20.83,-1.00
1000,0,30.72,-1.00
0,1000,-1.00,19.92
1000,0,17.56,-1.00
1000,0,17.87,-1.00
1000,0,34.06,-1.00
1000,0,21.18,-1.00
1000,0,25.77,-1.00
1000,0,17.39,-1.00
1000,0,20.12,-1.00
1000,0,15.91,-1.00
1000,0,17.36,-1.00
0,1000,-1.00,32.08
0,1000,-1.00,36.96
1000,0,19.05,-1.00
0,1000,-1.00,20.09
1000,0,23.39,-1.00
1000,0,23.57,-1.00
1000,0,19.26,-1.00
1000,0,19.32,-1.00
0,1000,-1.00,26.70
0,1000,-1.00,24.69
0,1000,-1.00,19.00
0,1000,-1.00,20.98
1000,0,18.23,-1.00
1000,0,16.96,-1.00
1000,0,15.36,-1.00
1000,0,22.39,-1.00
1000,0,24.86,-1.00
1000,0,19.60,-1.00
0,1000,-1.00,15.31
1000,0,15.33,-1.00
0,1000,-1.00,16.31
0,1000,-1.00,21.08
1000,0,21.52,-1.00
1000,0,16.95,-1.00
1000,0,17.38,-1.00
1000,0,23.25,-1.00
1000,0,16.00,-1.00
1000,0,19.05,-1.00
0,1000,-1.00,16.34
0,1000,-1.00,40.59
1000,0,22.30,-1.00
0,1000,-1.00,16.26
1000,0,23.48,-1.00
1000,0,23.33,-1.00
1000,0,19.78,-1.00
1000,0,15.89,-1.00
1000,0,26.17,-1.00
1000,0,23.41,-1.00
0,1000,-1.00,20.40
1000,0,20.24,-1.00
1000,0,27.71,-1.00
0,1000,-1.00,17.48
1000,0,15.23,-1.00
0,1000,-1.00,28.06
1000,0,14.26,-1.00
1000,0,25.47,-1.00
1000,0,21.07,-1.00
1000,0,16.07,-1.00
1000,0,18.55,-1.00
1000,0,29.90,-1.00
1000,0,31.63,-1.00
0,1000,-1.00,33.07
0,1000,-1.00,19.24
1000,0,21.41,-1.00
1000,0,29.89,-1.00
1000,0,32.25,-1.00
1000,0,24.33,-1.00
1000,0,13.46,-1.00
1000,0,17.85,-1.00
0,1000,-1.00,26.52
1000,0,17.79,-1.00
1000,0,24.00,-1.00
1000,0,17.35,-1.00
1000,0,27.67,-1.00
0,1000,-1.00,22.71
0,1000,-1.00,26.54
0,1000,-1.00,33.84
1000,0,22.66,-1.00
1000,0,24.76,-1.00
1000,0,23.94,-1.00
1000,0,24.30,-1.00
1000,0,15.98,-1.00
1000,0,19.95,-1.00
1000,0,17.06,-1.00
1000,0,16.55,-1.00
1000,0,20.74,-1.00
1000,0,20.77,-1.00
1000,0,20.85,-1.00
1000,0,17.65,-1.00
1000,0,19.62,-1.00
0,1000,-1.00,21.01
0,1000,-1.00,29.71
1000,0,14.81,-1.00
1000,0,17.88,-1.00
1000,0,19.52,-1.00
1000,0,29.56,-1.00
1000,0,19.53,-1.00
1000,0,16.02,-1.00
1000,0,17.54,-1.00
0,1000,-1.00,25.75
0,1000,-1.00,18.70
1000,0,14.80,-1.00
1000,0,20.18,-1.00
1000,0,22.34,-1.00
0,1000,-1.00,30.45
1000,0,35.08,-1.00
1000,0,18.90,-1.00
1000,0,15.55,-1.00
0,1000,-1.00,43.13
1000,0,19.64,-1.00
1000,0,21.04,-1.00
1000,0,23.00,-1.00
1000,0,18.89,-1.00
1000,0,22.49,-1.00
1000,0,18.04,-1.00
1000,0,20.30,-1.00
1000,0,14.32,-1.00
1000,0,23.59,-1.00
0,1000,-1.00,21.56
1000,0,24.97,-1.00
1000,0,16.25,-1.00
1000,0,20.49,-1.00
1000,0,17.28,-1.00
1000,0,22.56,-1.00
0,1000,-1.00,18.78
0,1000,-1.00,23.84
1000,0,19.87,-1.00
0,1000,-1.00,29.38
0,1000,-1.00,18.84
1000,0,12.40,-1.00
1000,0,24.99,-1.00
1000,0,31.18,-1.00
1000,0,15.05,-1.00
1000,0,26.44,-1.00
1000,0,18.73,-1.00
1000,0,18.82,-1.00
0,1000,-1.00,31.42
1000,0,17.23,-1.00
1000,0,18.29,-1.00
1000,0,18.91,-1.00
1000,0,17.25,-1.00
1000,0,19.18,-1.00
1000,0,16.27,-1.00
1000,0,21.27,-1.00
1000,0,21.26,-1.00
1000,0,17.42,-1.00
1000,0,28.44,-1.00
0,1000,-1.00,17.16
1000,0,18.63,-1.00
0,1000,-1.00,22.96
1000,0,21.70,-1.00
1000,0,13.09,-1.00
1000,0,22.35,-1.00
1000,0,24.11,-1.00
0,1000,-1.00,22.74
1000,0,19.79,-1.00
1000,0,19.70,-1.00
1000,0,18.45,-1.00
1000,0,20.67,-1.00
1000,0,20.87,-1.00
0,1000,-1.00,27.49
1000,0,20.60,-1.00
1000,0,15.78,-1.00
1000,0,18.28,-1.00
1000,0,23.51,-1.00
1000,0,23.43,-1.00
1000,0,17.28,-1.00
1000,0,18.32,-1.00
1000,0,19.14,-1.00
1000,0,15.90,-1.00
1000,0,17.41,-1.00
1000,0,33.61,-1.00
1000,0,22.29,-1.00
1000,0,29.30,-1.00
0,1000,-1.00,17.86
0,1000,-1.00,21.91
1000,0,45.21,-1.00
1000,0,18.33,-1.00
1000,0,24.01,-1.00
1000,0,20.20,-1.00
1000,0,16.59,-1.00
1000,0,28.18,-1.00
1000,0,30.25,-1.00
1000,0,31.61,-1.00
1000,0,23.20,-1.00
1000,0,31.62,-1.00
0,1000,-1.00,16.30
1000,0,21.17,-1.00
1000,0,25.39,-1.00
1000,0,16.53,-1.00
0,1000,-1.00,22.31
1000,0,16.75,-1.00
0,1000,-1.00,24.26
1000,0,19.31,-1.00
1000,0,36.71,-1.00
1000,0,19.69,-1.00
0,1000,-1.00,23.76
1000,0,18.13,-1.00
1000,0,45.23,-1.00
0,1000,-1.00,34.84
1000,0,20.09,-1.00
1000,0,20.72,-1.00
0,1000,-1.00,18.64
1000,0,16.46,-1.00
1000,0,31.76,-1.00
1000,0,13.73,-1.00
0,1000,-1.00,15.15
1000,0,22.11,-1.00
1000,0,15.23,-1.00
1000,0,19.18,-1.00
1000,0,16.75,-1.00
1000,0,27.92,-1.00
1000,0,20.58,-1.00
1000,0,26.72,-1.00
0,1000,-1.00,24.04
1000,0,17.76,-1.00
1000,0,13.32,-1.00
1000,0,30.99,-1.00
1000,0,16.04,-1.00
1000,0,25.79,-1.00
0,1000,-1.00,20.37
1000,0,16.61,-1.00
1000,0,19.39,-1.00
1000,0,24.31,-1.00
1000,0,28.00,-1.00
1000,0,36.48,-1.00
1000,0,19.64,-1.00
1000,0,15.45,-1.00
0,1000,-1.00,21.72
0,1000,-1.00,18.02
0,1000,-1.00,24.71
1000,0,23.39,-1.00
0,1000,-1.00,16.68
1000,0,16.41,-1.00
1000,0,29.48,-1.00
1000,0,20.68,-1.00
0,1000,-1.00,32.55
1000,0,24.15,-1.00
1000,0,23.06,-1.00
0,1000,-1.00,41.20
1000,0,22.32,-1.00
1000,0,18.45,-1.00
1000,0,17.07,-1.00
0,1000,-1.00,29.56
0,1000,-1.00,27.50
0,1000,-1.00,29.30
1000,0,25.93,-1.00
0,1000,-1.00,22.14
1000,0,16.17,-1.00
1000,0,24.28,-1.00
1000,0,25.75,-1.00
1000,0,27.45,-1.00
1000,0,24.12,-1.00
1000,0,27.37,-1.00
1000,0,29.53,-1.00
1000,0,19.81,-1.00
1000,0,22.26,-1.00
1000,0,17.53,-1.00
1000,0,26.96,-1.00
1000,0,25.49,-1.00
1000,0,20.26,-1.00
1000,0,20.84,-1.00
1000,0,18.69,-1.00
0,1000,-1.00,26.99
1000,0,20.95,-1.00
0,1000,-1.00,32.75
1000,0,18.10,-1.00
1000,0,19.43,-1.00
1000,0,18.09,-1.00
1000,0,15.62,-1.00
0,1000,-1.00,25.50
1000,0,26.42,-1.00
1000,0,27.55,-1.00
1000,0,22.65,-1.00
1000,0,17.67,-1.00
1000,0,18.77,-1.00
1000,0,26.51,-1.00
1000,0,19.32,-1.00
1000,0,17.57,-1.00
1000,0,20.01,-1.00
0,1000,-1.00,27.93
1000,0,20.39,-1.00
1000,0,19.72,-1.00
1000,0,21.19,-1.00
1000,0,23.78,-1.00
0,1000,-1.00,24.19
1000,0,17.08,-1.00
1000,0,15.67,-1.00
1000,0,24.16,-1.00
1000,0,37.72,-1.00
1000,0,19.40,-1.00
1000,0,16.72,-1.00
0,1000,-1.00,43.84
1000,0,18.14,-1.00
1000,0,21.45,-1.00
0,1000,-1.00,33.58
1000,0,16.61,-1.00
1000,0,15.95,-1.00
0,1000,-1.00,15.99
1000,0,24.03,-1.00
1000,0,19.10,-1.00
1000,0,22.86,-1.00
1000,0,20.00,-1.00
0,1000,-1.00,29.52
1000,0,12.26,-1.00
0,1000,-1.00,18.88
1000,0,20.79,-1.00
1000,0,14.94,-1.00
0,1000,-1.00,20.25
1000,0,23.84,-1.00
1000,0,18.99,-1.00
1000,0,21.90,-1.00
1000,0,17.33,-1.00
1000,0,16.97,-1.00
1000,0,32.69,-1.00
1000,0,25.88,-1.00
1000,0,18.23,-1.00
1000,0,16.25,-1.00
1000,0,23.16,-1.00
1000,0,44.27,-1.00
0,1000,-1.00,19.65
1000,0,15.99,-1.00
1000,0,21.63,-1.00
0,1000,-1.00,30.29
1000,0,18.15,-1.00
1000,0,15.57,-1.00
1000,0,17.71,-1.00
0,1000,-1.00,27.64
0,1000,-1.00,22.33
1000,0,17.49,-1.00
1000,0,26.77,-1.00
1000,0,20.50,-1.00
1000,0,17.90,-1.00
0,1000,-1.00,18.22
1000,0,20.00,-1.00
1000,0,27.72,-1.00
1000,0,16.75,-1.00
0,1000,-1.00,12.89
1000,0,19.99,-1.00
1000,0,22.94,-1.00
1000,0,20.03,-1.00
1000,0,15.83,-1.00
1000,0,21.53,-1.00
0,1000,-1.00,23.74
0,1000,-1.00,40.07
1000,0,19.44,-1.00
1000,0,26.34,-1.00
0,1000,-1.00,15.94
0,1000,-1.00,34.30
1000,0,16.65,-1.00
1000,0,19.68,-1.00
1000,0,32.83,-1.00
1000,0,19.06,-1.00
1000,0,33.88,-1.00
0,1000,-1.00,17.63
1000,0,31.07,-1.00
1000,0,22.13,-1.00
0,1000,-1.00,14.27
1000,0,17.17,-1.00
1000,0,22.66,-1.00
0,1000,-1.00,35.83
1000,0,13.78,-1.00
1000,0,15.69,-1.00
1000,0,24.55,-1.00
1000,0,17.33,-1.00
1000,0,20.61,-1.00
1000,0,25.71,-1.00
1000,0,18.00,-1.00
1000,0,17.62,-1.00
1000,0,20.11,-1.00
0,1000,-1.00,26.31
1000,0,23.70,-1.00
1000,0,26.70,-1.00
1000,0,23.02,-1.00
0,1000,-1.00,17.92
1000,0,19.64,-1.00
1000,0,18.47,-1.00
1000,0,19.98,-1.00
1000,0,14.56,-1.00
1000,0,24.74,-1.00
1000,0,33.53,-1.00
1000,0,45.17,-1.00
1000,0,21.36,-1.00
1000,0,25.22,-1.00
1000,0,21.76,-1.00
1000,0,32.43,-1.00
1000,0,15.82,-1.00
1000,0,14.96,-1.00
0,1000,-1.00,24.57
1000,0,17.69,-1.00
1000,0,20.90,-1.00
1000,0,24.66,-1.00
1000,0,25.99,-1.00
0,1000,-1.00,16.79
0,1000,-1.00,27.85
0,1000,-1.00,17.93
1000,0,15.83,-1.00
0,1000,-1.00,19.92
0,1000,-1.00,23.50
1000,0,15.61,-1.00
1000,0,17.15,-1.00
1000,0,21.02,-1.00
1000,0,27.43,-1.00
1000,0,13.58,-1.00
1000,0,27.65,-1.00
0,1000,-1.00,29.06
0,1000,-1.00,25.39
1000,0,33.05,-1.00
0,1000,-1.00,14.52
1000,0,19.43,-1.00
0,1000,-1.00,18.60
0,1000,-1.00,25.22
1000,0,22.36,-1.00
1000,0,16.06,-1.00
0,1000,-1.00,24.80
0,1000,-1.00,21.90
1000,0,16.27,-1.00
1000,0,15.02,-1.00
1000,0,25.67,-1.00
0,1000,-1.00,30.93
1000,0,17.71,-1.00
0,1000,-1.00,47.95
1000,0,16.48,-1.00
1000,0,16.33,-1.00
1000,0,21.52,-1.00
0,1000,-1.00,31.37
1000,0,15.63,-1.00
1000,0,26.59,-1.00
0,1000,-1.00,19.43
1000,0,21.07,-1.00
0,1000,-1.00,27.40
1000,0,27.37,-1.00
1000,0,15.91,-1.00
1000,0,12.35,-1.00
1000,0,17.81,-1.00
1000,0,24.59,-1.00
0,1000,-1.00,31.34
0,1000,-1.00,38.22
1000,0,17.37,-1.00
1000,0,21.38,-1.00
1000,0,16.05,-1.00
0,1000,-1.00,22.54
1000,0,26.34,-1.00
1000,0,12.98,-1.00
1000,0,16.84,-1.00
0,1000,-1.00,26.19
1000,0,26.16,-1.00
1000,0,24.28,-1.00
0,1000,-1.00,23.08
1000,0,15.28,-1.00
0,1000,-1.00,23.86
1000,0,23.00,-1.00
0,1000,-1.00,23.84
1000,0,14.01,-1.00
1000,0,36.37,-1.00
1000,0,16.96,-1.00
1000,0,18.12,-1.00
0,1000,-1.00,27.04
1000,0,17.99,-1.00
1000,0,19.94,-1.00
1000,0,16.88,-1.00
1000,0,12.94,-1.00
0,1000,-1.00,18.84
1000,0,16.58,-1.00
1000,0,22.19,-1.00
1000,0,44.67,-1.00
1000,0,16.58,-1.00
1000,0,17.62,-1.00
1000,0,20.00,-1.00
0,1000,-1.00,25.92
0,1000,-1.00,18.30
0,1000,-1.00,27.35
1000,0,17.64,-1.00
1000,0,25.69,-1.00
1000,0,33.43,-1.00
1000,0,19.79,-1.00
1000,0,20.70,-1.00
1000,0,21.00,-1.00
0,1000,-1.00,21.67
1000,0,15.57,-1.00
1000,0,17.61,-1.00
1000,0,35.14,-1.00
1000,0,17.27,-1.00
1000,0,16.37,-1.00
1000,0,21.99,-1.00
1000,0,20.48,-1.00
1000,0,23.28,-1.00
1000,0,20.16,-1.00
1000,0,16.87,-1.00
1000,0,19.71,-1.00
1000,0,26.35,-1.00
0,1000,-1.00,18.98
1000,0,16.67,-1.00
1000,0,37.04,-1.00
0,1000,-1.00,27.07
1000,0,33.02,-1.00
1000,0,21.08,-1.00
0,1000,-1.00,28.11
1000,0,28.18,-1.00
0,1000,-1.00,21.83
1000,0,21.98,-1.00
1000,0,23.62,-1.00
1000,0,25.53,-1.00
1000,0,25.71,-1.00
1000,0,21.45,-1.00
1000,0,16.05,-1.00
1000,0,31.61,-1.00
1000,0,38.13,-1.00
1000,0,27.11,-1.00
1000,0,19.32,-1.00
0,1000,-1.00,27.11
1000,0,17.98,-1.00
0,1000,-1.00,24.49
1000,0,31.34,-1.00
0,1000,-1.00,36.74
1000,0,15.34,-1.00
0,1000,-1.00,27.16
1000,0,25.37,-1.00
0,1000,-1.00,16.91
1000,0,28.82,-1.00
1000,0,21.92,-1.00
1000,0,43.28,-1.00
0,1000,-1.00,32.04
1000,0,16.54,-1.00
1000,0,28.03,-1.00
1000,0,20.47,-1.00
1000,0,16.46,-1.00
0,1000,-1.00,32.04
1000,0,23.24,-1.00
1000,0,21.94,-1.00
0,1000,-1.00,22.64
1000,0,23.34,-1.00
1000,0,20.52,-1.00
1000,0,20.00,-1.00
0,1000,-1.00,19.53
1000,0,17.48,-1.00
1000,0,20.83,-1.00
0,1000,-1.00,21.61
1000,0,13.64,-1.00
1000,0,23.78,-1.00
0,1000,-1.00,22.62
1000,0,19.04,-1.00
0,1000,-1.00,21.28
1000,0,17.67,-1.00
1000,0,30.26,-1.00
1000,0,22.07,-1.00
1000,0,16.20,-1.00
0,1000,-1.00,19.03
1000,0,19.48,-1.00
1000,0,19.36,-1.00
1000,0,20.98,-1.00
1000,0,21.95,-1.00
1000,0,20.51,-1.00
1000,0,20.93,-1.00
1000,0,16.51,-1.00
1000,0,27.91,-1.00
1000,0,21.24,-1.00
1000,0,17.74,-1.00
1000,0,25.83,-1.00
1000,0,17.93,-1.00
0,1000,-1.00,24.91
0,1000,-1.00,20.82
1000,0,20.13,-1.00
1000,0,16.40,-1.00
1000,0,22.81,-1.00
1000,0,26.09,-1.00
0,1000,-1.00,37.83
1000,0,19.47,-1.00
1000,0,15.23,-1.00
0,1000,-1.00,12.78
1000,0,22.86,-1.00
0,1000,-1.00,24.91
0,1000,-1.00,29.92
1000,0,25.68,-1.00
1000,0,25.51,-1.00
0,1000,-1.00,23.44
1000,0,16.22,-1.00
1000,0,29.94,-1.00
1000,0,21.57,-1.00
1000,0,23.22,-1.00
1000,0,13.06,-1.00
1000,0,21.98,-1.00
1000,0,23.41,-1.00
0,1000,-1.00,16.74
0,1000,-1.00,21.02
1000,0,18.78,-1.00
1000,0,22.96,-1.00
0,1000,-1.00,16.24
1000,0,34.26,-1.00
1000,0,25.56,-1.00
0,1000,-1.00,26.19
1000,0,23.41,-1.00
0,1000,-1.00,24.68
1000,0,26.82,-1.00
0,1000,-1.00,22.89
0,1000,-1.00,27.08
0,1000,-1.00,21.00
1000,0,16.35,-1.00
1000,0,16.90,-1.00
0,1000,-1.00,20.67
1000,0,20.42,-1.00
1000,0,27.33,-1.00
1000,0,21.14,-1.00
1000,0,25.53,-1.00
1000,0,19.66,-1.00
1000,0,23.44,-1.00
1000,0,17.96,-1.00
0,1000,-1.00,22.68
0,1000,-1.00,21.58
0,1000,-1.00,26.41
1000,0,27.44,-1.00
1000,0,19.09,-1.00
1000,0,20.81,-1.00
1000,0,22.51,-1.00
1000,0,23.32,-1.00
1000,0,16.19,-1.00
1000,0,31.56,-1.00
0,1000,-1.00,35.02
1000,0,22.62,-1.00
1000,0,19.72,-1.00
0,1000,-1.00,14.04
1000,0,13.76,-1.00
1000,0,22.50,-1.00
1000,0,25.84,-1.00
1000,0,24.72,-1.00
1000,0,15.53,-1.00
0,1000,-1.00,28.97
1000,0,23.50,-1.00
1000,0,26.41,-1.00
1000,0,16.48,-1.00
1000,0,18.48,-1.00
1000,0,19.73,-1.00
1000,0,19.81,-1.00
1000,0,17.44,-1.00
1000,0,16.82,-1.00
1000,0,17.76,-1.00
1000,0,15.72,-1.00
0,1000,-1.00,19.61
1000,0,20.35,-1.00
1000,0,21.15,-1.00
0,1000,-1.00,16.78
0,1000,-1.00,25.72
1000,0,16.83,-1.00
1000,0,13.38,-1.00
0,1000,-1.00,23.18
1000,0,30.89,-1.00
1000,0,27.75,-1.00
0,1000,-1.00,22.62
0,1000,-1.00,31.65
1000,0,14.35,-1.00
1000,0,17.24,-1.00
1000,0,15.33,-1.00
0,1000,-1.00,27.13
1000,0,35.25,-1.00
0,1000,-1.00,18.03
0,1000,-1.00,27.42
1000,0,21.63,-1.00
1000,0,13.51,-1.00
1000,0,16.15,-1.00
1000,0,27.59,-1.00
1000,0,18.84,-1.00
1000,0,20.62,-1.00
1000,0,24.88,-1.00
1000,0,16.66,-1.00
1000,0,13.07,-1.00
0,1000,-1.00,26.54
1000,0,25.57,-1.00
1000,0,21.91,-1.00
1000,0,21.10,-1.00
0,1000,-1.00,28.81
0,1000,-1.00,22.32
1000,0,23.00,-1.00
1000,0,19.53,-1.00
1000,0,21.11,-1.00
0,1000,-1.00,23.95
1000,0,14.48,-1.00
1000,0,33.70,-1.00
1000,0,18.46,-1.00
1000,0,15.58,-1.00
1000,0,14.77,-1.00
1000,0,17.07,-1.00
1000,0,21.28,-1.00
0,1000,-1.00,19.56
1000,0,23.24,-1.00
0,1000,-1.00,21.11
1000,0,35.54,-1.00
1000,0,22.00,-1.00
0,1000,-1.00,32.58
1000,0,19.41,-1.00
1000,0,26.95,-1.00
1000,0,20.08,-1.00
1000,0,15.97,-1.00
1000,0,34.72,-1.00
1000,0,18.14,-1.00
1000,0,26.85,-1.00
0,1000,-1.00,27.71
1000,0,29.70,-1.00
1000,0,22.39,-1.00
1000,0,16.25,-1.00
1000,0,20.79,-1.00
1000,0,23.36,-1.00
1000,0,20.62,-1.00
1000,0,19.30,-1.00
1000,0,16.16,-1.00
0,1000,-1.00,25.80
1000,0,21.00,-1.00
1000,0,27.11,-1.00
1000,0,21.64,-1.00
1000,0,18.14,-1.00
1000,0,18.98,-1.00
0,1000,-1.00,27.54
1000,0,51.61,-1.00
1000,0,16.90,-1.00
1000,0,18.23,-1.00
1000,0,22.26,-1.00
1000,0,19.67,-1.00
1000,0,27.79,-1.00
1000,0,24.97,-1.00
1000,0,16.48,-1.00
0,1000,-1.00,19.92
0,1000,-1.00,28.80
1000,0,11.69,-1.00
1000,0,16.54,-1.00
0,1000,-1.00,23.92
1000,0,18.39,-1.00
1000,0,16.36,-1.00
0,1000,-1.00,29.17
1000,0,18.92,-1.00
0,1000,-1.00,28.49
0,1000,-1.00,18.73
1000,0,13.60,-1.00
0,1000,-1.00,22.37
1000,0,28.88,-1.00
1000,0,22.20,-1.00
0,1000,-1.00,19.25
0,1000,-1.00,32.93
1000,0,20.54,-1.00
1000,0,27.75,-1.00
1000,0,20.76,-1.00
0,1000,-1.00,25.03
1000,0,21.06,-1.00
0,1000,-1.00,31.00
1000,0,17.02,-1.00
0,1000,-1.00,24.30
0,1000,-1.00,19.60
1000,0,20.43,-1.00
1000,0,22.04,-1.00
1000,0,31.98,-1.00
1000,0,23.22,-1.00
1000,0,20.99,-1.00
1000,0,24.86,-1.00
1000,0,31.83,-1.00
0,1000,-1.00,24.30
1000,0,22.25,-1.00
1000,0,31.01,-1.00
1000,0,21.85,-1.00
0,1000,-1.00,24.56
0,1000,-1.00,18.41
0,1000,-1.00,20.79
1000,0,14.10,-1.00
1000,0,14.65,-1.00
1000,0,14.70,-1.00
1000,0,16.68,-1.00
0,1000,-1.00,28.72
0,1000,-1.00,24.68
1000,0,24.77,-1.00
1000,0,43.20,-1.00
1000,0,15.96,-1.00
1000,0,24.42,-1.00
0,1000,-1.00,26.32
1000,0,14.90,-1.00
0,1000,-1.00,33.89
1000,0,20.80,-1.00
0,1000,-1.00,24.79
1000,0,27.39,-1.00
1000,0,50.21,-1.00
0,1000,-1.00,20.01
1000,0,14.86,-1.00
1000,0,12.36,-1.00
1000,0,20.33,-1.00
1000,0,25.97,-1.00
1000,0,21.90,-1.00
1000,0,16.55,-1.00
1000,0,36.38,-1.00
1000,0,16.65,-1.00
0,1000,-1.00,22.21
0,1000,-1.00,27.75
1000,0,21.08,-1.00
1000,0,11.69,-1.00
1000,0,18.03,-1.00
1000,0,25.15,-1.00
0,1000,-1.00,26.02
1000,0,23.99,-1.00
1000,0,16.80,-1.00
1000,0,26.91,-1.00
0,1000,-1.00,24.47
0,1000,-1.00,31.59
0,1000,-1.00,26.24
0,1000,-1.00,31.00
1000,0,20.81,-1.00
1000,0,23.68,-1.00
1000,0,15.44,-1.00
1000,0,17.16,-1.00
1000,0,22.18,-1.00
1000,0,18.34,-1.00
0,1000,-1.00,33.57
1000,0,22.78,-1.00
1000,0,31.13,-1.00
1000,0,21.37,-1.00
1000,0,18.88,-1.00
1000,0,30.05,-1.00
1000,0,26.99,-1.00
1000,0,22.33,-1.00
1000,0,28.64,-1.00
1000,0,20.52,-1.00
1000,0,14.30,-1.00
1000,0,27.87,-1.00
1000,0,14.94,-1.00
0,1000,-1.00,24.59
1000,0,22.75,-1.00
1000,0,17.62,-1.00
0,1000,-1.00,21.10
1000,0,14.68,-1.00
0,1000,-1.00,27.52
1000,0,18.20,-1.00
1000,0,16.58,-1.00
1000,0,15.02,-1.00
1000,0,19.15,-1.00
1000,0,17.12,-1.00
1000,0,14.55,-1.00
1000,0,19.48,-1.00
1000,0,19.29,-1.00
1000,0,21.15,-1.00
1000,0,13.82,-1.00
1000,0,18.61,-1.00
1000,0,17.32,-1.00
1000,0,18.40,-1.00
1000,0,30.79,-1.00
1000,0,23.28,-1.00
1000,0,21.94,-1.00
1000,0,32.56,-1.00
0,1000,-1.00,19.83
1000,0,24.10,-1.00
0,1000,-1.00,21.06
0,1000,-1.00,22.29
1000,0,22.36,-1.00
1000,0,20.51,-1.00
1000,0,15.09,-1.00
1000,0,21.20,-1.00
1000,0,21.82,-1.00
1000,0,16.28,-1.00
0,1000,-1.00,23.98
0,1000,-1.00,24.97
1000,0,42.79,-1.00
0,1000,-1.00,31.74
1000,0,34.44,-1.00
1000,0,19.35,-1.00
1000,0,23.49,-1.00
1000,0,16.58,-1.00
1000,0,20.33,-1.00
1000,0,24.74,-1.00
1000,0,17.08,-1.00
1000,0,20.12,-1.00
0,1000,-1.00,17.21
1000,0,17.23,-1.00
1000,0,19.92,-1.00
0,1000,-1.00,28.97
1000,0,17.97,-1.00
1000,0,30.55,-1.00
1000,0,18.51,-1.00
0,1000,-1.00,23.17
1000,0,25.32,-1.00
0,1000,-1.00,20.91
0,1000,-1.00,21.34
1000,0,17.44,-1.00
1000,0,54.22,-1.00
1000,0,19.13,-1.00
1000,0,25.88,-1.00
1000,0,15.67,-1.00
1000,0,17.46,-1.00
1000,0,11.48,-1.00
1000,0,17.44,-1.00
0,1000,-1.00,21.98
1000,0,16.45,-1.00
0,1000,-1.00,30.70
1000,0,17.50,-1.00
0,1000,-1.00,17.71
1000,0,31.58,-1.00
0,1000,-1.00,18.15
1000,0,21.70,-1.00
0,1000,-1.00,21.22
1000,0,14.87,-1.00
0,1000,-1.00,26.02
1000,0,17.79,-1.00
1000,0,28.64,-1.00
1000,0,29.45,-1.00
1000,0,22.62,-1.00
0,1000,-1.00,16.05
0,1000,-1.00,28.79
0,1000,-1.00,22.51
0,1000,-1.00,23.70
1000,0,17.79,-1.00
1000,0,14.04,-1.00
0,1000,-1.00,21.09
0,1000,-1.00,20.56
1000,0,22.35,-1.00
0,1000,-1.00,20.18
1000,0,13.96,-1.00
0,1000,-1.00,26.65
1000,0,40.99,-1.00
0,1000,-1.00,29.08
0,1000,-1.00,23.55
0,1000,-1.00,15.65
0,1000,-1.00,19.61
0,1000,-1.00,37.56
1000,0,16.16,-1.00
1000,0,15.09,-1.00
1000,0,20.10,-1.00
1000,0,24.57,-1.00
1000,0,28.31,-1.00
0,1000,-1.00,35.15
0,1000,-1.00,46.13
1000,0,21.12,-1.00
0,1000,-1.00,21.91
1000,0,25.41,-1.00
0,1000,-1.00,17.10
1000,0,31.38,-1.00
1000,0,22.99,-1.00
1000,0,24.18,-1.00
1000,0,22.09,-1.00
1000,0,20.73,-1.00
1000,0,24.45,-1.00
1000,0,27.12,-1.00
0,1000,-1.00,21.63
1000,0,22.01,-1.00
1000,0,18.35,-1.00
1000,0,12.74,-1.00
1000,0,23.38,-1.00
1000,0,23.55,-1.00
1000,0,13.03,-1.00
0,1000,-1.00,38.50
1000,0,17.79,-1.00
1000,0,17.58,-1.00
1000,0,22.72,-1.00
1000,0,15.56,-1.00
1000,0,21.60,-1.00
1000,0,27.86,-1.00
1000,0,18.12,-1.00
1000,0,27.40,-1.00
1000,0,19.40,-1.00
1000,0,18.26,-1.00
0,1000,-1.00,18.69
1000,0,24.63,-1.00
1000,0,18.69,-1.00
1000,0,18.27,-1.00
0,1000,-1.00,24.11
0,1000,-1.00,19.40
0,1000,-1.00,26.72
1000,0,18.37,-1.00
1000,0,25.70,-1.00
1000,0,24.95,-1.00
1000,0,20.89,-1.00
0,1000,-1.00,24.41
1000,0,38.73,-1.00
1000,0,25.75,-1.00
1000,0,27.71,-1.00
1000,0,28.49,-1.00
0,1000,-1.00,19.19
1000,0,21.27,-1.00
1000,0,20.85,-1.00
0,1000,-1.00,17.45
1000,0,20.60,-1.00
1000,0,26.08,-1.00
0,1000,-1.00,18.45
1000,0,15.77,-1.00
1000,0,27.67,-1.00
0,1000,-1.00,26.37
1000,0,18.25,-1.00
0,1000,-1.00,23.42
1000,0,18.20,-1.00
0,1000,-1.00,24.08
0,1000,-1.00,18.95
0,1000,-1.00,20.76
1000,0,18.54,-1.00
1000,0,19.50,-1.00
1000,0,20.10,-1.00
0,1000,-1.00,22.03
1000,0,25.35,-1.00
1000,0,22.92,-1.00
1000,0,24.01,-1.00
1000,0,18.87,-1.00
1000,0,17.83,-1.00
1000,0,17.54,-1.00
1000,0,27.65,-1.00
1000,0,23.94,-1.00
0,1000,-1.00,22.44
1000,0,19.51,-1.00
1000,0,22.92,-1.00
1000,0,16.02,-1.00
1000,0,38.43,-1.00
1000,0,15.24,-1.00
1000,0,24.92,-1.00
1000,0,16.34,-1.00
0,1000,-1.00,24.72
1000,0,18.31,-1.00
1000,0,27.00,-1.00
1000,0,19.94,-1.00
1000,0,12.50,-1.00
1000,0,17.11,-1.00
1000,0,15.27,-1.00
1000,0,17.43,-1.00
1000,0,15.23,-1.00
1000,0,20.74,-1.00
1000,0,18.69,-1.00
1000,0,29.04,-1.00
1000,0,19.37,-1.00
1000,0,18.41,-1.00
0,1000,-1.00,17.91
0,1000,-1.00,15.46
1000,0,24.54,-1.00
1000,0,23.39,-1.00
1000,0,17.99,-1.00
1000,0,17.37,-1.00
1000,0,23.18,-1.00
1000,0,35.33,-1.00
1000,0,25.36,-1.00
1000,0,27.45,-1.00
1000,0,13.71,-1.00
1000,0,25.49,-1.00
1000,0,21.18,-1.00
1000,0,15.24,-1.00
0,1000,-1.00,27.23
1000,0,23.36,-1.00
1000,0,22.10,-1.00
1000,0,17.28,-1.00
1000,0,21.32,-1.00
0,1000,-1.00,37.88
0,1000,-1.00,20.42
1000,0,13.24,-1.00
1000,0,26.19,-1.00
0,1000,-1.00,17.45
1000,0,25.95,-1.00
1000,0,19.38,-1.00
1000,0,13.89,-1.00
1000,0,30.63,-1.00
0,1000,-1.00,30.82
0,1000,-1.00,54.65
1000,0,19.63,-1.00
1000,0,15.21,-1.00
1000,0,20.77,-1.00
1000,0,14.60,-1.00
1000,0,14.94,-1.00
1000,0,17.68,-1.00
1000,0,21.25,-1.00
0,1000,-1.00,27.72
1000,0,21.78,-1.00
1000,0,18.44,-1.00
1000,0,17.00,-1.00
0,1000,-1.00,20.07
1000,0,13.37,-1.00
1000,0,21.23,-1.00
0,1000,-1.00,26.00
0,1000,-1.00,19.86
1000,0,19.09,-1.00
0,1000,-1.00,21.51
0,1000,-1.00,15.32
1000,0,25.11,-1.00
0,1000,-1.00,22.96
0,1000,-1.00,29.06
1000,0,22.82,-1.00
1000,0,17.52,-1.00
1000,0,16.50,-1.00
1000,0,22.82,-1.00
1000,0,27.55,-1.00
1000,0,16.14,-1.00
1000,0,28.87,-1.00
1000,0,19.61,-1.00
1000,0,26.47,-1.00
0,1000,-1.00,21.78
1000,0,17.64,-1.00
1000,0,25.30,-1.00
0,1000,-1.00,21.27
1000,0,15.33,-1.00
0,1000,-1.00,30.06
1000,0,21.07,-1.00
1000,0,20.42,-1.00
1000,0,21.53,-1.00
1000,0,32.14,-1.00
1000,0,18.00,-1.00
1000,0,21.14,-1.00
0,1000,-1.00,19.67
1000,0,22.34,-1.00
1000,0,17.91,-1.00
0,1000,-1.00,26.44
1000,0,18.47,-1.00
1000,0,16.03,-1.00
1000,0,17.73,-1.00
1000,0,27.99,-1.00
1000,0,14.83,-1.00
1000,0,33.68,-1.00
1000,0,22.16,-1.00
1000,0,21.39,-1.00
1000,0,17.29,-1.00
0,1000,-1.00,40.36
1000,0,22.49,-1.00
0,1000,-1.00,21.26
1000,0,19.88,-1.00
1000,0,19.90,-1.00
1000,0,27.69,-1.00
1000,0,23.21,-1.00
1000,0,26.77,-1.00
1000,0,27.70,-1.00
1000,0,20.42,-1.00
1000,0,20.43,-1.00
1000,0,20.00,-1.00
1000,0,20.57,-1.00
1000,0,20.35,-1.00
1000,0,12.78,-1.00
1000,0,13.52,-1.00
0,1000,-1.00,38.16
1000,0,19.90,-1.00
1000,0,17.90,-1.00
1000,0,16.74,-1.00
0,1000,-1.00,26.03
1000,0,19.18,-1.00
1000,0,19.12,-1.00
1000,0,26.87,-1.00
1000,0,27.20,-1.00
0,1000,-1.00,17.03
1000,0,29.06,-1.00
1000,0,16.44,-1.00
1000,0,24.30,-1.00
1000,0,20.58,-1.00
0,1000,-1.00,23.30
1000,0,20.07,-1.00
0,1000,-1.00,30.87
1000,0,24.92,-1.00
1000,0,26.93,-1.00
0,1000,-1.00,29.18
1000,0,22.01,-1.00
0,1000,-1.00,28.39
1000,0,19.03,-1.00
1000,0,23.16,-1.00
0,1000,-1.00,27.61
0,1000,-1.00,23.96
1000,0,27.51,-1.00
1000,0,18.18,-1.00
0,1000,-1.00,23.93
1000,0,16.44,-1.00
0,1000,-1.00,30.58
1000,0,25.50,-1.00
1000,0,16.61,-1.00
1000,0,15.65,-1.00
1000,0,27.15,-1.00
1000,0,33.12,-1.00
1000,0,19.93,-1.00
0,1000,-1.00,25.04
1000,0,13.10,-1.00
0,1000,-1.00,19.82
1000,0,20.39,-1.00
1000,0,29.40,-1.00
1000,0,32.51,-1.00
1000,0,33.85,-1.00
1000,0,21.24,-1.00
1000,0,17.54,-1.00
1000,0,14.79,-1.00
1000,0,19.01,-1.00
1000,0,19.75,-1.00
1000,0,13.03,-1.00
0,1000,-1.00,17.98
1000,0,23.96,-1.00
1000,0,20.66,-1.00
1000,0,27.32,-1.00
1000,0,18.22,-1.00
1000,0,16.03,-1.00
1000,0,26.36,-1.00
1000,0,24.01,-1.00
1000,0,21.11,-1.00
1000,0,25.68,-1.00
1000,0,25.50,-1.00
1000,0,18.61,-1.00
0,1000,-1.00,23.09
1000,0,16.49,-1.00
1000,0,31.72,-1.00
1000,0,22.83,-1.00
0,1000,-1.00,17.53
1000,0,17.28,-1.00
0,1000,-1.00,18.87
1000,0,22.22,-1.00
1000,0,16.37,-1.00
1000,0,23.14,-1.00
1000,0,17.58,-1.00
0,1000,-1.00,16.92
0,1000,-1.00,17.75
0,1000,-1.00,21.68
1000,0,30.43,-1.00
1000,0,13.55,-1.00
1000,0,23.92,-1.00
1000,0,21.53,-1.00
1000,0,27.11,-1.00
1000,0,15.88,-1.00
1000,0,17.94,-1.00
1000,0,17.61,-1.00
1000,0,21.58,-1.00
1000,0,20.53,-1.00
0,1000,-1.00,24.60
1000,0,20.82,-1.00
1000,0,24.83,-1.00
1000,0,26.85,-1.00
1000,0,18.10,-1.00
1000,0,19.99,-1.00
0,1000,-1.00,17.63
1000,0,16.04,-1.00
0,1000,-1.00,24.25
0,1000,-1.00,24.17
0,1000,-1.00,40.27
1000,0,13.16,-1.00
0,1000,-1.00,13.31
1000,0,26.38,-1.00
1000,0,16.58,-1.00
1000,0,21.26,-1.00
1000,0,26.74,-1.00
1000,0,15.57,-1.00
1000,0,18.56,-1.00
1000,0,27.28,-1.00
1000,0,24.94,-1.00
1000,0,16.37,-1.00
1000,0,18.97,-1.00
0,1000,-1.00,22.57
1000,0,33.91,-1.00
1000,0,17.87,-1.00
1000,0,16.99,-1.00
0,1000,-1.00,21.02
1000,0,26.36,-1.00
1000,0,18.70,-1.00
1000,0,18.83,-1.00
1000,0,28.93,-1.00
1000,0,23.82,-1.00
1000,0,26.14,-1.00
1000,0,17.95,-1.00
1000,0,17.65,-1.00
1000,0,17.23,-1.00
1000,0,23.03,-1.00
1000,0,17.52,-1.00
0,1000,-1.00,28.42
1000,0,20.68,-1.00
1000,0,21.50,-1.00
0,1000,-1.00,28.24
1000,0,14.45,-1.00
1000,0,18.53,-1.00
1000,0,13.22,-1.00
1000,0,20.07,-1.00
1000,0,21.46,-1.00
1000,0,26.76,-1.00
0,1000,-1.00,28.20
1000,0,21.11,-1.00
0,1000,-1.00,25.47
0,1000,-1.00,30.44
1000,0,24.28,-1.00
1000,0,15.58,-1.00
0,1000,-1.00,23.15
1000,0,19.24,-1.00
1000,0,16.36,-1.00
0,1000,-1.00,20.71
0,1000,-1.00,20.08
0,1000,-1.00,14.94
1000,0,41.95,-1.00
1000,0,27.16,-1.00
0,1000,-1.00,26.17
1000,0,34.15,-1.00
1000,0,21.76,-1.00
1000,0,18.62,-1.00
1000,0,16.85,-1.00
1000,0,17.81,-1.00
1000,0,26.32,-1.00
1000,0,42.48,-1.00
1000,0,19.27,-1.00
1000,0,17.67,-1.00
1000,0,13.96,-1.00
1000,0,19.38,-1.00
1000,0,45.15,-1.00
1000,0,21.31,-1.00
1000,0,23.66,-1.00
1000,0,14.61,-1.00
1000,0,21.89,-1.00
1000,0,16.73,-1.00
1000,0,21.16,-1.00
0,1000,-1.00,23.68
0,1000,-1.00,29.25
1000,0,16.31,-1.00
1000,0,22.14,-1.00
1000,0,22.73,-1.00
1000,0,23.72,-1.00
0,1000,-1.00,34.55
0,1000,-1.00,22.99
0,1000,-1.00,37.40
1000,0,21.09,-1.00
1000,0,15.32,-1.00
1000,0,35.46,-1.00
1000,0,17.28,-1.00
1000,0,18.15,-1.00
0,1000,-1.00,20.89
0,1000,-1.00,26.12
1000,0,20.86,-1.00
1000,0,18.36,-1.00
1000,0,23.82,-1.00
1000,0,26.36,-1.00
0,1000,-1.00,30.14
0,1000,-1.00,19.71
1000,0,16.23,-1.00
1000,0,16.69,-1.00
1000,0,16.88,-1.00
1000,0,33.59,-1.00
1000,0,19.84,-1.00
0,1000,-1.00,31.81
0,1000,-1.00,19.01
1000,0,28.90,-1.00
1000,0,19.39,-1.00
0,1000,-1.00,19.58
1000,0,21.34,-1.00
0,1000,-1.00,21.57
1000,0,22.31,-1.00
1000,0,14.87,-1.00
1000,0,18.82,-1.00
0,1000,-1.00,24.07
1000,0,16.38,-1.00
1000,0,16.54,-1.00
1000,0,48.01,-1.00
1000,0,18.07,-1.00
0,1000,-1.00,19.21
1000,0,34.08,-1.00
0,1000,-1.00,26.57
1000,0,30.99,-1.00
0,1000,-1.00,22.22
1000,0,19.33,-1.00
1000,0,17.57,-1.00
0,1000,-1.00,15.47
1000,0,16.98,-1.00
0,1000,-1.00,29.46
0,1000,-1.00,19.91
1000,0,21.30,-1.00
0,1000,-1.00,22.23
1000,0,16.81,-1.00
1000,0,26.14,-1.00
1000,0,17.90,-1.00
1000,0,17.59,-1.00
1000,0,16.63,-1.00
1000,0,22.66,-1.00
1000,0,21.91,-1.00
1000,0,21.99,-1.00
0,1000,-1.00,25.59
1000,0,20.48,-1.00
0,1000,-1.00,27.67
1000,0,23.17,-1.00
1000,0,17.59,-1.00
1000,0,25.77,-1.00
1000,0,19.20,-1.00
1000,0,18.04,-1.00
1000,0,18.45,-1.00
1000,0,18.92,-1.00
0,1000,-1.00,33.40
1000,0,23.28,-1.00
0,1000,-1.00,29.53
1000,0,16.57,-1.00
1000,0,21.02,-1.00
1000,0,22.85,-1.00
1000,0,18.17,-1.00
0,1000,-1.00,18.74
0,1000,-1.00,30.72
1000,0,19.82,-1.00
0,1000,-1.00,22.53
0,1000,-1.00,18.63
1000,0,20.43,-1.00
1000,0,17.16,-1.00
0,1000,-1.00,17.33
0,1000,-1.00,28.58
1000,0,21.80,-1.00
0,1000,-1.00,15.61
1000,0,33.88,-1.00
1000,0,18.09,-1.00
0,1000,-1.00,21.58
1000,0,17.10,-1.00
1000,0,22.47,-1.00
0,1000,-1.00,26.56
1000,0,24.01,-1.00
0,1000,-1.00,17.61
1000,0,16.25,-1.00
1000,0,19.19,-1.00
1000,0,19.27,-1.00
1000,0,20.53,-1.00
0,1000,-1.00,22.73
1000,0,13.60,-1.00
1000,0,20.17,-1.00
1000,0,21.14,-1.00
1000,0,22.39,-1.00
1000,0,18.07,-1.00
0,1000,-1.00,22.10
1000,0,39.24,-1.00
1000,0,17.95,-1.00
1000,0,18.79,-1.00
1000,0,18.35,-1.00
1000,0,17.47,-1.00
1000,0,20.51,-1.00
1000,0,23.53,-1.00
1000,0,25.38,-1.00
1000,0,21.99,-1.00
1000,0,16.93,-1.00
1000,0,15.51,-1.00
1000,0,20.72,-1.00
1000,0,21.95,-1.00
1000,0,19.29,-1.00
0,1000,-1.00,26.22
1000,0,24.79,-1.00
0,1000,-1.00,25.00
1000,0,29.43,-1.00
1000,0,17.56,-1.00
1000,0,14.16,-1.00
0,1000,-1.00,17.08
1000,0,20.75,-1.00
0,1000,-1.00,29.67
1000,0,14.91,-1.00
1000,0,20.67,-1.00
1000,0,17.83,-1.00
1000,0,24.27,-1.00
1000,0,35.18,-1.00
0,1000,-1.00,31.72
1000,0,21.53,-1.00
1000,0,21.77,-1.00
1000,0,28.07,-1.00
1000,0,13.27,-1.00
1000,0,18.69,-1.00
1000,0,16.91,-1.00
1000,0,17.69,-1.00
0,1000,-1.00,28.08
1000,0,19.14,-1.00
0,1000,-1.00,23.22
1000,0,33.46,-1.00
0,1000,-1.00,19.41
1000,0,15.91,-1.00
1000,0,12.45,-1.00
1000,0,15.56,-1.00
1000,0,14.37,-1.00
1000,0,18.84,-1.00
1000,0,23.79,-1.00
1000,0,20.17,-1.00
1000,0,20.47,-1.00
1000,0,32.31,-1.00
0,1000,-1.00,26.50
1000,0,16.66,-1.00
1000,0,29.95,-1.00
1000,0,16.10,-1.00
1000,0,22.21,-1.00
1000,0,21.14,-1.00
1000,0,17.18,-1.00
1000,0,15.59,-1.00
1000,0,23.16,-1.00
1000,0,16.93,-1.00
0,1000,-1.00,19.77
1000,0,42.46,-1.00
0,1000,-1.00,23.43
1000,0,17.63,-1.00
0,1000,-1.00,27.46
0,1000,-1.00,15.70
0,1000,-1.00,21.50
1000,0,19.90,-1.00
1000,0,31.05,-1.00
1000,0,19.29,-1.00
0,1000,-1.00,17.58
0,1000,-1.00,18.75
1000,0,22.46,-1.00
1000,0,20.54,-1.00
0,1000,-1.00,19.45
1000,0,19.65,-1.00
1000,0,23.77,-1.00
1000,0,24.47,-1.00
1000,0,15.54,-1.00
0,1000,-1.00,26.81
0,1000,-1.00,26.68
1000,0,18.82,-1.00
1000,0,17.15,-1.00
1000,0,20.67,-1.00
1000,0,14.87,-1.00
1000,0,29.91,-1.00
1000,0,27.51,-1.00
1000,0,19.23,-1.00
1000,0,22.67,-1.00
1000,0,15.57,-1.00
0,1000,-1.00,31.19
1000,0,16.78,-1.00
0,1000,-1.00,34.36
1000,0,20.62,-1.00
1000,0,19.68,-1.00
1000,0,13.97,-1.00
1000,0,19.52,-1.00
1000,0,14.86,-1.00
1000,0,21.13,-1.00
1000,0,22.64,-1.00
1000,0,32.18,-1.00
0,1000,-1.00,30.14
1000,0,21.53,-1.00
0,1000,-1.00,39.12
1000,0,17.90,-1.00
0,1000,-1.00,20.99
1000,0,24.00,-1.00
1000,0,15.71,-1.00
1000,0,21.42,-1.00
1000,0,27.55,-1.00
1000,0,18.02,-1.00
1000,0,16.76,-1.00
0,1000,-1.00,22.89
1000,0,23.61,-1.00
1000,0,19.94,-1.00
1000,0,18.18,-1.00
0,1000,-1.00,21.07
1000,0,19.65,-1.00
1000,0,21.43,-1.00
0,1000,-1.00,20.88
1000,0,15.61,-1.00
1000,0,29.82,-1.00
1000,0,12.97,-1.00
1000,0,17.49,-1.00
1000,0,15.38,-1.00
0,1000,-1.00,19.22
1000,0,20.03,-1.00
1000,0,24.23,-1.00
1000,0,22.44,-1.00
0,1000,-1.00,20.86
1000,0,24.56,-1.00
1000,0,23.87,-1.00
1000,0,14.04,-1.00
1000,0,18.69,-1.00
0,1000,-1.00,25.00
0,1000,-1.00,23.59
1000,0,18.32,-1.00
1000,0,20.59,-1.00
1000,0,19.15,-1.00
1000,0,20.22,-1.00
1000,0,20.81,-1.00
1000,0,14.82,-1.00
1000,0,25.06,-1.00
1000,0,20.87,-1.00
1000,0,27.11,-1.00
1000,0,20.06,-1.00
1000,0,30.25,-1.00
1000,0,15.32,-1.00
1000,0,17.50,-1.00
1000,0,13.48,-1.00
1000,0,25.29,-1.00
0,1000,-1.00,22.06
1000,0,16.36,-1.00
1000,0,19.94,-1.00
0,1000,-1.00,33.83
1000,0,20.72,-1.00
1000,0,16.44,-1.00
1000,0,21.20,-1.00
0,1000,-1.00,17.58
1000,0,19.76,-1.00
1000,0,18.87,-1.00
1000,0,16.62,-1.00
1000,0,30.10,-1.00
1000,0,16.89,-1.00
0,1000,-1.00,23.75
1000,0,23.11,-1.00
1000,0,19.80,-1.00
1000,0,42.96,-1.00
1000,0,21.12,-1.00
0,1000,-1.00,16.96
1000,0,33.82,-1.00
1000,0,24.37,-1.00
1000,0,12.36,-1.00
0,1000,-1.00,23.78
1000,0,19.86,-1.00
0,1000,-1.00,26.21
0,1000,-1.00,20.75
0,1000,-1.00,33.60
0,1000,-1.00,28.83
1000,0,22.37,-1.00
1000,0,16.62,-1.00
1000,0,19.23,-1.00
1000,0,24.17,-1.00
0,1000,-1.00,20.57
1000,0,25.73,-1.00
1000,0,20.55,-1.00
1000,0,16.73,-1.00
1000,0,18.70,-1.00
0,1000,-1.00,31.18
0,1000,-1.00,19.51
1000,0,16.18,-1.00
0,1000,-1.00,24.21
1000,0,16.11,-1.00
1000,0,20.65,-1.00
0,1000,-1.00,31.87
1000,0,39.15,-1.00
1000,0,25.04,-1.00
0,1000,-1.00,22.03
1000,0,36.02,-1.00
1000,0,18.18,-1.00
1000,0,24.57,-1.00
1000,0,18.70,-1.00
1000,0,17.08,-1.00
1000,0,24.19,-1.00
0,1000,-1.00,24.43
1000,0,29.76,-1.00
1000,0,28.59,-1.00
1000,0,15.88,-1.00
1000,0,19.42,-1.00
1000,0,21.47,-1.00
1000,0,29.42,-1.00
1000,0,17.11,-1.00
1000,0,22.59,-1.00
1000,0,20.07,-1.00
1000,0,20.03,-1.00
0,1000,-1.00,17.43
1000,0,23.62,-1.00
1000,0,16.74,-1.00
1000,0,31.91,-1.00
1000,0,27.90,-1.00
1000,0,19.68,-1.00
1000,0,17.72,-1.00
1000,0,16.00,-1.00
1000,0,17.60,-1.00
1000,0,21.29,-1.00
0,1000,-1.00,20.93
1000,0,19.88,-1.00
0,1000,-1.00,22.14
0,1000,-1.00,26.63
1000,0,20.56,-1.00
1000,0,20.03,-1.00
1000,0,23.19,-1.00
1000,0,18.02,-1.00
1000,0,15.45,-1.00
0,1000,-1.00,28.86
1000,0,28.13,-1.00
0,1000,-1.00,41.63
1000,0,20.41,-1.00
1000,0,21.89,-1.00
1000,0,20.16,-1.00
1000,0,14.95,-1.00
1000,0,20.72,-1.00
1000,0,14.86,-1.00
1000,0,16.50,-1.00
1000,0,15.20,-1.00
1000,0,21.08,-1.00
1000,0,22.52,-1.00
0,1000,-1.00,24.21
1000,0,19.37,-1.00
1000,0,17.59,-1.00
1000,0,23.47,-1.00
0,1000,-1.00,15.56
0,1000,-1.00,25.47
1000,0,22.08,-1.00
1000,0,15.59,-1.00
1000,0,20.13,-1.00
1000,0,17.27,-1.00
1000,0,19.95,-1.00
1000,0,16.49,-1.00
1000,0,21.47,-1.00
1000,0,17.69,-1.00
0,1000,-1.00,20.31
1000,0,17.53,-1.00
1000,0,30.63,-1.00
0,1000,-1.00,22.08
1000,0,17.05,-1.00
1000,0,27.20,-1.00
1000,0,17.13,-1.00
0,1000,-1.00,29.19
1000,0,20.57,-1.00
0,1000,-1.00,29.93
0,1000,-1.00,22.14
1000,0,14.84,-1.00
1000,0,27.26,-1.00
1000,0,22.83,-1.00
1000,0,25.78,-1.00
0,1000,-1.00,17.33
1000,0,34.19,-1.00
1000,0,20.12,-1.00
1000,0,21.45,-1.00
1000,0,16.91,-1.00
1000,0,15.98,-1.00
1000,0,19.24,-1.00
1000,0,27.44,-1.00
1000,0,17.35,-1.00
1000,0,17.17,-1.00
1000,0,31.98,-1.00
1000,0,42.56,-1.00
1000,0,16.35,-1.00
1000,0,25.45,-1.00
1000,0,26.77,-1.00
1000,0,21.06,-1.00
1000,0,15.77,-1.00
1000,0,18.49,-1.00
1000,0,12.45,-1.00
1000,0,20.54,-1.00
1000,0,21.21,-1.00
0,1000,-1.00,28.32
1000,0,35.07,-1.00
1000,0,23.28,-1.00
1000,0,27.93,-1.00
0,1000,-1.00,29.44
1000,0,37.82,-1.00
1000,0,22.38,-1.00
1000,0,19.27,-1.00
1000,0,18.25,-1.00
0,1000,-1.00,23.53
0,1000,-1.00,17.82
1000,0,13.85,-1.00
1000,0,19.39,-1.00
1000,0,14.45,-1.00
1000,0,16.13,-1.00
1000,0,17.57,-1.00
1000,0,17.47,-1.00
0,1000,-1.00,18.85
0,1000,-1.00,22.37
1000,0,14.52,-1.00
1000,0,19.30,-1.00
1000,0,24.83,-1.00
1000,0,15.86,-1.00
1000,0,21.07,-1.00
1000,0,22.26,-1.00
1000,0,16.66,-1.00
0,1000,-1.00,18.84
0,1000,-1.00,26.77
1000,0,52.60,-1.00
1000,0,28.05,-1.00
0,1000,-1.00,24.02
1000,0,21.99,-1.00
1000,0,15.19,-1.00
1000,0,17.02,-1.00
1000,0,23.11,-1.00
1000,0,16.00,-1.00
1000,0,17.23,-1.00
1000,0,20.28,-1.00
0,1000,-1.00,21.08
0,1000,-1.00,29.51
1000,0,21.57,-1.00
1000,0,16.12,-1.00
1000,0,18.68,-1.00
0,1000,-1.00,26.72
1000,0,17.64,-1.00
0,1000,-1.00,33.34
0,1000,-1.00,21.56
1000,0,17.49,-1.00
1000,0,19.13,-1.00
1000,0,18.55,-1.00
1000,0,24.11,-1.00
0,1000,-1.00,22.01
1000,0,21.14,-1.00
1000,0,19.30,-1.00
1000,0,20.86,-1.00
1000,0,15.67,-1.00
0,1000,-1.00,19.69
1000,0,24.80,-1.00
1000,0,29.52,-1.00
1000,0,16.83,-1.00
1000,0,17.84,-1.00
1000,0,19.05,-1.00
1000,0,18.37,-1.00
0,1000,-1.00,22.84
1000,0,22.21,-1.00
1000,0,39.57,-1.00
1000,0,14.67,-1.00
1000,0,13.91,-1.00
0,1000,-1.00,30.14
1000,0,17.51,-1.00
1000,0,19.84,-1.00
1000,0,17.76,-1.00
1000,0,24.77,-1.00
1000,0,20.78,-1.00
1000,0,18.39,-1.00
0,1000,-1.00,21.77
1000,0,24.72,-1.00
