pop1,pop2,k1,k2
0,1000,-1.00,7.73
0,1000,-1.00,6.66
0,1000,-1.00,6.48
0,1000,-1.00,8.85
0,1000,-1.00,6.94
0,1000,-1.00,7.93
0,1000,-1.00,6.31
0,1000,-1.00,7.31
0,1000,-1.00,6.94
0,1000,-1.00,7.26
0,1000,-1.00,7.21
0,1000,-1.00,7.81
0,1000,-1.00,7.05
0,1000,-1.00,6.79
0,1000,-1.00,6.70
0,1000,-1.00,8.59
0,1000,-1.00,7.71
0,1000,-1.00,7.04
0,1000,-1.00,7.41
0,1000,-1.00,6.95
0,1000,-1.00,7.04
0,1000,-1.00,7.68
0,1000,-1.00,7.38
0,1000,-1.00,7.84
1000,0,10.10,-1.00
0,1000,-1.00,7.53
0,1000,-1.00,6.89
0,1000,-1.00,6.66
0,1000,-1.00,7.35
0,1000,-1.00,7.84
0,1000,-1.00,7.88
0,1000,-1.00,6.94
0,1000,-1.00,7.57
0,1000,-1.00,6.93
0,1000,-1.00,6.65
0,1000,-1.00,7.30
0,1000,-1.00,6.56
0,1000,-1.00,7.62
0,1000,-1.00,6.65
0,1000,-1.00,6.66
0,1000,-1.00,7.43
0,1000,-1.00,7.29
0,1000,-1.00,7.48
0,1000,-1.00,6.96
0,1000,-1.00,7.01
0,1000,-1.00,6.76
0,1000,-1.00,6.51
0,1000,-1.00,6.91
0,1000,-1.00,7.11
0,1000,-1.00,7.62
0,1000,-1.00,7.58
0,1000,-1.00,7.39
0,1000,-1.00,7.85
0,1000,-1.00,8.04
0,1000,-1.00,7.07
0,1000,-1.00,7.04
0,1000,-1.00,7.11
0,1000,-1.00,7.12
0,1000,-1.00,7.16
0,1000,-1.00,6.80
0,1000,-1.00,9.77
0,1000,-1.00,7.00
0,1000,-1.00,6.51
0,1000,-1.00,7.89
0,1000,-1.00,6.75
0,1000,-1.00,7.19
0,1000,-1.00,7.47
0,1000,-1.00,7.11
0,1000,-1.00,7.19
0,1000,-1.00,7.40
0,1000,-1.00,7.95
0,1000,-1.00,6.64
0,1000,-1.00,7.20
0,1000,-1.00,6.76
0,1000,-1.00,7.06
0,1000,-1.00,7.08
0,1000,-1.00,7.97
0,1000,-1.00,7.23
0,1000,-1.00,6.70
0,1000,-1.00,7.08
0,1000,-1.00,8.08
0,1000,-1.00,9.30
0,1000,-1.00,7.41
0,1000,-1.00,7.61
0,1000,-1.00,6.62
0,1000,-1.00,7.04
0,1000,-1.00,6.89
0,1000,-1.00,6.67
0,1000,-1.00,6.97
0,1000,-1.00,7.73
0,1000,-1.00,7.47
0,1000,-1.00,6.53
0,1000,-1.00,6.68
0,1000,-1.00,7.96
0,1000,-1.00,6.88
0,1000,-1.00,6.93
0,1000,-1.00,8.15
0,1000,-1.00,7.81
0,1000,-1.00,7.47
0,1000,-1.00,7.33
0,1000,-1.00,7.40
0,1000,-1.00,6.78
0,1000,-1.00,7.30
0,1000,-1.00,10.21
1000,0,9.06,-1.00
0,1000,-1.00,7.49
0,1000,-1.00,7.35
0,1000,-1.00,7.92
0,1000,-1.00,6.71
0,1000,-1.00,6.93
0,1000,-1.00,6.88
0,1000,-1.00,6.73
0,1000,-1.00,6.96
0,1000,-1.00,7.05
0,1000,-1.00,6.64
0,1000,-1.00,7.33
0,1000,-1.00,7.18
1000,0,8.68,-1.00
0,1000,-1.00,7.42
0,1000,-1.00,6.88
1000,0,10.52,-1.00
0,1000,-1.00,7.07
0,1000,-1.00,7.18
0,1000,-1.00,6.87
0,1000,-1.00,7.52
0,1000,-1.00,7.06
0,1000,-1.00,7.74
0,1000,-1.00,6.60
0,1000,-1.00,8.01
0,1000,-1.00,6.47
0,1000,-1.00,7.49
0,1000,-1.00,7.05
0,1000,-1.00,7.01
0,1000,-1.00,7.27
0,1000,-1.00,8.24
0,1000,-1.00,8.29
0,1000,-1.00,7.01
0,1000,-1.00,8.57
0,1000,-1.00,6.67
0,1000,-1.00,7.70
0,1000,-1.00,7.30
0,1000,-1.00,7.27
0,1000,-1.00,7.12
0,1000,-1.00,6.94
0,1000,-1.00,6.86
0,1000,-1.00,7.21
0,1000,-1.00,7.08
0,1000,-1.00,6.44
0,1000,-1.00,7.64
0,1000,-1.00,7.55
0,1000,-1.00,6.83
0,1000,-1.00,6.98
0,1000,-1.00,6.27
0,1000,-1.00,7.00
0,1000,-1.00,6.55
0,1000,-1.00,7.51
0,1000,-1.00,7.98
0,1000,-1.00,7.20
0,1000,-1.00,7.36
0,1000,-1.00,6.52
0,1000,-1.00,7.54
0,1000,-1.00,7.69
0,1000,-1.00,7.11
0,1000,-1.00,7.74
0,1000,-1.00,6.50
0,1000,-1.00,7.60
0,1000,-1.00,7.19
0,1000,-1.00,7.05
0,1000,-1.00,8.11
0,1000,-1.00,7.20
0,1000,-1.00,7.23
0,1000,-1.00,6.99
0,1000,-1.00,6.91
0,1000,-1.00,6.95
0,1000,-1.00,6.50
0,1000,-1.00,7.14
0,1000,-1.00,6.50
0,1000,-1.00,6.37
0,1000,-1.00,6.83
0,1000,-1.00,7.02
0,1000,-1.00,8.19
0,1000,-1.00,7.07
0,1000,-1.00,6.95
0,1000,-1.00,6.79
0,1000,-1.00,7.26
0,1000,-1.00,6.40
0,1000,-1.00,8.06
0,1000,-1.00,7.68
0,1000,-1.00,6.91
0,1000,-1.00,7.45
0,1000,-1.00,6.99
0,1000,-1.00,7.78
0,1000,-1.00,7.10
0,1000,-1.00,6.62
0,1000,-1.00,7.50
0,1000,-1.00,7.50
0,1000,-1.00,6.55
0,1000,-1.00,7.41
0,1000,-1.00,7.21
0,1000,-1.00,7.04
0,1000,-1.00,6.82
0,1000,-1.00,7.76
0,1000,-1.00,8.09
0,1000,-1.00,7.31
0,1000,-1.00,7.60
0,1000,-1.00,8.61
0,1000,-1.00,6.97
0,1000,-1.00,6.62
0,1000,-1.00,7.87
0,1000,-1.00,6.55
1000,0,11.23,-1.00
0,1000,-1.00,7.15
0,1000,-1.00,7.28
1000,0,11.91,-1.00
0,1000,-1.00,7.56
0,1000,-1.00,7.38
0,1000,-1.00,7.50
0,1000,-1.00,7.21
0,1000,-1.00,7.79
0,1000,-1.00,7.10
0,1000,-1.00,7.15
0,1000,-1.00,7.57
0,1000,-1.00,7.10
0,1000,-1.00,8.27
0,1000,-1.00,7.37
0,1000,-1.00,6.57
0,1000,-1.00,6.48
0,1000,-1.00,7.02
0,1000,-1.00,7.24
0,1000,-1.00,7.66
0,1000,-1.00,7.59
0,1000,-1.00,6.49
0,1000,-1.00,6.59
0,1000,-1.00,7.50
0,1000,-1.00,7.14
0,1000,-1.00,6.97
0,1000,-1.00,7.07
0,1000,-1.00,6.38
0,1000,-1.00,7.57
0,1000,-1.00,6.56
0,1000,-1.00,7.13
0,1000,-1.00,8.02
1000,0,9.38,-1.00
0,1000,-1.00,7.37
0,1000,-1.00,6.35
0,1000,-1.00,7.41
0,1000,-1.00,7.86
0,1000,-1.00,7.95
0,1000,-1.00,6.34
0,1000,-1.00,6.88
0,1000,-1.00,8.36
0,1000,-1.00,6.99
0,1000,-1.00,6.68
0,1000,-1.00,7.26
1000,0,10.11,-1.00
0,1000,-1.00,6.71
0,1000,-1.00,7.42
0,1000,-1.00,6.97
0,1000,-1.00,6.75
0,1000,-1.00,7.77
0,1000,-1.00,7.19
0,1000,-1.00,6.82
0,1000,-1.00,6.87
0,1000,-1.00,7.17
0,1000,-1.00,7.80
0,1000,-1.00,6.90
0,1000,-1.00,7.07
0,1000,-1.00,7.13
0,1000,-1.00,7.14
0,1000,-1.00,7.21
0,1000,-1.00,6.89
0,1000,-1.00,6.54
0,1000,-1.00,6.81
0,1000,-1.00,6.90
0,1000,-1.00,6.80
0,1000,-1.00,6.99
0,1000,-1.00,6.92
0,1000,-1.00,6.90
0,1000,-1.00,6.79
0,1000,-1.00,7.07
0,1000,-1.00,6.97
0,1000,-1.00,7.08
0,1000,-1.00,7.99
0,1000,-1.00,7.29
0,1000,-1.00,7.06
0,1000,-1.00,6.91
0,1000,-1.00,8.51
0,1000,-1.00,7.28
0,1000,-1.00,6.89
0,1000,-1.00,7.39
0,1000,-1.00,7.50
0,1000,-1.00,6.67
0,1000,-1.00,6.91
0,1000,-1.00,7.94
0,1000,-1.00,7.18
0,1000,-1.00,6.86
0,1000,-1.00,7.22
0,1000,-1.00,6.98
0,1000,-1.00,7.60
0,1000,-1.00,8.65
0,1000,-1.00,6.88
0,1000,-1.00,7.76
0,1000,-1.00,6.63
0,1000,-1.00,6.93
0,1000,-1.00,7.42
0,1000,-1.00,6.81
0,1000,-1.00,7.51
0,1000,-1.00,7.05
0,1000,-1.00,7.14
0,1000,-1.00,7.07
0,1000,-1.00,7.55
0,1000,-1.00,7.66
0,1000,-1.00,7.66
0,1000,-1.00,7.25
0,1000,-1.00,7.51
0,1000,-1.00,7.93
0,1000,-1.00,6.97
0,1000,-1.00,6.75
0,1000,-1.00,7.30
0,1000,-1.00,8.01
0,1000,-1.00,7.82
1000,0,9.12,-1.00
0,1000,-1.00,7.45
0,1000,-1.00,7.13
0,1000,-1.00,7.41
0,1000,-1.00,7.10
0,1000,-1.00,6.61
0,1000,-1.00,7.60
0,1000,-1.00,8.19
0,1000,-1.00,6.54
0,1000,-1.00,7.10
0,1000,-1.00,7.64
0,1000,-1.00,7.01
0,1000,-1.00,7.37
0,1000,-1.00,6.89
0,1000,-1.00,7.38
0,1000,-1.00,6.63
0,1000,-1.00,7.56
0,1000,-1.00,6.78
0,1000,-1.00,8.22
0,1000,-1.00,7.27
0,1000,-1.00,7.16
1000,0,10.02,-1.00
0,1000,-1.00,7.69
0,1000,-1.00,8.83
0,1000,-1.00,7.62
0,1000,-1.00,6.67
0,1000,-1.00,7.14
0,1000,-1.00,6.32
1000,0,8.35,-1.00
0,1000,-1.00,7.51
0,1000,-1.00,7.39
0,1000,-1.00,7.24
0,1000,-1.00,6.61
0,1000,-1.00,7.75
0,1000,-1.00,7.15
0,1000,-1.00,6.93
0,1000,-1.00,7.24
0,1000,-1.00,7.67
0,1000,-1.00,7.51
0,1000,-1.00,7.57
0,1000,-1.00,6.26
0,1000,-1.00,7.16
0,1000,-1.00,8.34
0,1000,-1.00,7.73
0,1000,-1.00,7.29
1000,0,8.37,-1.00
0,1000,-1.00,7.81
0,1000,-1.00,7.31
0,1000,-1.00,6.46
0,1000,-1.00,7.55
0,1000,-1.00,7.20
0,1000,-1.00,6.78
0,1000,-1.00,7.02
0,1000,-1.00,6.71
0,1000,-1.00,6.47
0,1000,-1.00,7.50
0,1000,-1.00,7.40
0,1000,-1.00,6.93
0,1000,-1.00,6.49
0,1000,-1.00,6.98
0,1000,-1.00,7.03
0,1000,-1.00,6.74
0,1000,-1.00,7.05
0,1000,-1.00,7.11
0,1000,-1.00,7.33
0,1000,-1.00,6.74
0,1000,-1.00,7.06
0,1000,-1.00,7.67
0,1000,-1.00,6.72
0,1000,-1.00,6.94
0,1000,-1.00,6.69
0,1000,-1.00,7.50
0,1000,-1.00,7.41
0,1000,-1.00,7.06
0,1000,-1.00,7.13
0,1000,-1.00,6.32
0,1000,-1.00,7.54
0,1000,-1.00,7.30
0,1000,-1.00,6.86
0,1000,-1.00,6.75
0,1000,-1.00,7.26
1000,0,8.19,-1.00
0,1000,-1.00,7.09
0,1000,-1.00,7.87
0,1000,-1.00,7.61
0,1000,-1.00,7.64
0,1000,-1.00,7.43
0,1000,-1.00,7.10
0,1000,-1.00,6.73
0,1000,-1.00,6.80
0,1000,-1.00,7.41
0,1000,-1.00,7.68
0,1000,-1.00,7.80
0,1000,-1.00,6.48
0,1000,-1.00,7.44
0,1000,-1.00,7.52
0,1000,-1.00,7.41
0,1000,-1.00,7.45
0,1000,-1.00,7.18
0,1000,-1.00,6.75
0,1000,-1.00,8.10
0,1000,-1.00,6.96
0,1000,-1.00,7.70
0,1000,-1.00,6.71
0,1000,-1.00,6.93
0,1000,-1.00,8.51
0,1000,-1.00,7.86
0,1000,-1.00,7.04
0,1000,-1.00,7.35
0,1000,-1.00,6.79
0,1000,-1.00,7.09
0,1000,-1.00,6.72
0,1000,-1.00,7.24
1000,0,8.78,-1.00
0,1000,-1.00,7.48
0,1000,-1.00,6.43
0,1000,-1.00,7.72
0,1000,-1.00,6.99
0,1000,-1.00,7.12
0,1000,-1.00,7.07
0,1000,-1.00,6.92
0,1000,-1.00,7.43
0,1000,-1.00,6.53
0,1000,-1.00,6.55
0,1000,-1.00,6.98
0,1000,-1.00,6.87
0,1000,-1.00,7.27
0,1000,-1.00,7.85
0,1000,-1.00,7.11
0,1000,-1.00,7.70
0,1000,-1.00,7.23
0,1000,-1.00,7.08
0,1000,-1.00,7.09
0,1000,-1.00,7.32
0,1000,-1.00,7.67
0,1000,-1.00,7.34
0,1000,-1.00,7.33
0,1000,-1.00,6.91
0,1000,-1.00,7.52
0,1000,-1.00,7.14
0,1000,-1.00,6.66
0,1000,-1.00,7.27
0,1000,-1.00,6.89
0,1000,-1.00,6.92
0,1000,-1.00,8.08
0,1000,-1.00,6.50
0,1000,-1.00,6.39
0,1000,-1.00,6.78
0,1000,-1.00,8.45
0,1000,-1.00,6.85
0,1000,-1.00,7.37
1000,0,9.63,-1.00
0,1000,-1.00,7.50
0,1000,-1.00,7.54
0,1000,-1.00,7.09
0,1000,-1.00,7.24
1000,0,10.83,-1.00
0,1000,-1.00,7.65
0,1000,-1.00,7.32
0,1000,-1.00,6.76
0,1000,-1.00,7.16
0,1000,-1.00,7.17
0,1000,-1.00,7.58
0,1000,-1.00,6.86
0,1000,-1.00,6.65
0,1000,-1.00,7.70
0,1000,-1.00,7.46
0,1000,-1.00,7.90
0,1000,-1.00,7.41
0,1000,-1.00,7.27
0,1000,-1.00,7.49
0,1000,-1.00,6.78
0,1000,-1.00,7.32
0,1000,-1.00,6.67
0,1000,-1.00,6.59
0,1000,-1.00,6.49
1000,0,10.65,-1.00
0,1000,-1.00,6.68
0,1000,-1.00,7.62
1000,0,9.02,-1.00
0,1000,-1.00,7.40
0,1000,-1.00,7.97
0,1000,-1.00,6.55
0,1000,-1.00,7.34
0,1000,-1.00,7.35
0,1000,-1.00,6.66
0,1000,-1.00,7.12
0,1000,-1.00,7.31
0,1000,-1.00,6.76
0,1000,-1.00,7.30
0,1000,-1.00,7.44
0,1000,-1.00,8.01
0,1000,-1.00,7.26
0,1000,-1.00,6.98
0,1000,-1.00,6.69
0,1000,-1.00,6.98
0,1000,-1.00,6.57
0,1000,-1.00,6.84
0,1000,-1.00,7.31
0,1000,-1.00,6.54
0,1000,-1.00,6.47
0,1000,-1.00,6.81
0,1000,-1.00,6.58
0,1000,-1.00,7.28
0,1000,-1.00,6.93
0,1000,-1.00,6.64
0,1000,-1.00,7.44
0,1000,-1.00,6.84
0,1000,-1.00,6.82
0,1000,-1.00,6.38
0,1000,-1.00,6.87
0,1000,-1.00,7.50
0,1000,-1.00,7.26
0,1000,-1.00,7.49
0,1000,-1.00,6.55
0,1000,-1.00,6.96
0,1000,-1.00,7.28
0,1000,-1.00,6.74
0,1000,-1.00,7.69
0,1000,-1.00,7.08
0,1000,-1.00,6.89
0,1000,-1.00,6.98
0,1000,-1.00,7.25
0,1000,-1.00,7.49
0,1000,-1.00,7.50
0,1000,-1.00,6.34
0,1000,-1.00,6.96
0,1000,-1.00,6.90
0,1000,-1.00,6.40
0,1000,-1.00,8.13
0,1000,-1.00,7.68
0,1000,-1.00,7.82
0,1000,-1.00,7.08
0,1000,-1.00,7.45
0,1000,-1.00,7.55
0,1000,-1.00,6.73
0,1000,-1.00,7.70
0,1000,-1.00,7.51
0,1000,-1.00,6.85
0,1000,-1.00,7.32
0,1000,-1.00,6.92
0,1000,-1.00,7.55
0,1000,-1.00,6.93
0,1000,-1.00,6.71
0,1000,-1.00,6.90
0,1000,-1.00,8.64
0,1000,-1.00,7.08
0,1000,-1.00,7.83
0,1000,-1.00,7.08
0,1000,-1.00,6.72
0,1000,-1.00,7.38
0,1000,-1.00,7.20
0,1000,-1.00,7.02
0,1000,-1.00,7.18
0,1000,-1.00,7.13
0,1000,-1.00,7.18
0,1000,-1.00,7.24
0,1000,-1.00,8.45
0,1000,-1.00,7.89
0,1000,-1.00,7.62
0,1000,-1.00,6.86
0,1000,-1.00,6.96
1000,0,9.45,-1.00
0,1000,-1.00,7.41
0,1000,-1.00,6.93
0,1000,-1.00,6.65
0,1000,-1.00,6.87
0,1000,-1.00,6.76
0,1000,-1.00,6.71
0,1000,-1.00,6.36
0,1000,-1.00,7.51
0,1000,-1.00,6.77
0,1000,-1.00,7.22
0,1000,-1.00,7.21
0,1000,-1.00,8.20
0,1000,-1.00,6.79
0,1000,-1.00,6.99
0,1000,-1.00,7.64
0,1000,-1.00,6.46
0,1000,-1.00,6.79
0,1000,-1.00,6.80
0,1000,-1.00,7.38
0,1000,-1.00,7.26
0,1000,-1.00,8.10
0,1000,-1.00,7.61
0,1000,-1.00,6.69
0,1000,-1.00,6.63
0,1000,-1.00,7.58
0,1000,-1.00,7.33
0,1000,-1.00,6.99
0,1000,-1.00,6.81
0,1000,-1.00,7.06
0,1000,-1.00,6.89
0,1000,-1.00,6.88
0,1000,-1.00,7.11
0,1000,-1.00,6.65
0,1000,-1.00,7.05
0,1000,-1.00,6.80
0,1000,-1.00,7.01
0,1000,-1.00,7.81
0,1000,-1.00,7.06
0,1000,-1.00,6.92
0,1000,-1.00,6.91
0,1000,-1.00,7.48
0,1000,-1.00,7.24
0,1000,-1.00,7.59
0,1000,-1.00,7.23
0,1000,-1.00,7.29
0,1000,-1.00,7.58
0,1000,-1.00,7.06
0,1000,-1.00,9.42
0,1000,-1.00,7.42
0,1000,-1.00,7.91
0,1000,-1.00,6.25
0,1000,-1.00,7.86
0,1000,-1.00,7.46
0,1000,-1.00,7.81
0,1000,-1.00,7.01
0,1000,-1.00,7.69
0,1000,-1.00,7.36
0,1000,-1.00,7.00
0,1000,-1.00,7.27
0,1000,-1.00,7.82
0,1000,-1.00,7.28
0,1000,-1.00,7.46
0,1000,-1.00,6.82
0,1000,-1.00,8.00
0,1000,-1.00,7.28
0,1000,-1.00,7.53
0,1000,-1.00,6.89
0,1000,-1.00,7.11
0,1000,-1.00,6.73
0,1000,-1.00,7.20
0,1000,-1.00,8.11
0,1000,-1.00,7.46
1000,0,9.77,-1.00
0,1000,-1.00,6.77
0,1000,-1.00,7.10
0,1000,-1.00,7.53
0,1000,-1.00,6.29
0,1000,-1.00,6.90
0,1000,-1.00,6.82
0,1000,-1.00,7.02
0,1000,-1.00,7.22
0,1000,-1.00,6.88
0,1000,-1.00,7.08
0,1000,-1.00,7.25
0,1000,-1.00,7.43
0,1000,-1.00,7.34
0,1000,-1.00,7.03
0,1000,-1.00,6.29
0,1000,-1.00,6.94
0,1000,-1.00,8.76
0,1000,-1.00,7.03
0,1000,-1.00,7.09
0,1000,-1.00,7.15
0,1000,-1.00,7.49
0,1000,-1.00,6.78
0,1000,-1.00,7.36
0,1000,-1.00,7.21
0,1000,-1.00,7.35
0,1000,-1.00,7.18
0,1000,-1.00,6.89
0,1000,-1.00,7.74
0,1000,-1.00,7.38
0,1000,-1.00,6.70
0,1000,-1.00,6.86
0,1000,-1.00,6.76
0,1000,-1.00,7.05
0,1000,-1.00,7.40
0,1000,-1.00,6.88
0,1000,-1.00,6.90
0,1000,-1.00,7.39
0,1000,-1.00,8.01
0,1000,-1.00,7.08
0,1000,-1.00,7.17
0,1000,-1.00,7.00
0,1000,-1.00,6.52
0,1000,-1.00,6.93
0,1000,-1.00,7.31
0,1000,-1.00,7.12
0,1000,-1.00,7.35
0,1000,-1.00,6.87
0,1000,-1.00,7.63
0,1000,-1.00,7.19
0,1000,-1.00,8.05
0,1000,-1.00,7.72
0,1000,-1.00,7.19
0,1000,-1.00,7.50
0,1000,-1.00,7.00
0,1000,-1.00,6.86
0,1000,-1.00,6.76
0,1000,-1.00,7.45
0,1000,-1.00,6.58
0,1000,-1.00,7.05
0,1000,-1.00,7.07
0,1000,-1.00,9.65
0,1000,-1.00,7.53
0,1000,-1.00,7.19
0,1000,-1.00,7.37
0,1000,-1.00,7.14
0,1000,-1.00,6.67
0,1000,-1.00,7.40
0,1000,-1.00,7.46
0,1000,-1.00,8.57
0,1000,-1.00,6.88
0,1000,-1.00,7.93
0,1000,-1.00,7.33
0,1000,-1.00,8.14
0,1000,-1.00,6.67
0,1000,-1.00,7.42
0,1000,-1.00,6.87
0,1000,-1.00,7.53
0,1000,-1.00,6.82
0,1000,-1.00,6.80
0,1000,-1.00,7.45
0,1000,-1.00,7.88
0,1000,-1.00,7.88
0,1000,-1.00,7.81
0,1000,-1.00,7.00
0,1000,-1.00,7.17
0,1000,-1.00,6.96
0,1000,-1.00,7.74
0,1000,-1.00,6.91
0,1000,-1.00,6.50
0,1000,-1.00,8.00
0,1000,-1.00,7.62
0,1000,-1.00,6.88
1000,0,9.43,-1.00
0,1000,-1.00,7.28
0,1000,-1.00,7.45
0,1000,-1.00,6.60
0,1000,-1.00,7.32
0,1000,-1.00,7.84
0,1000,-1.00,7.33
0,1000,-1.00,7.33
0,1000,-1.00,7.22
0,1000,-1.00,7.09
0,1000,-1.00,6.70
0,1000,-1.00,6.80
0,1000,-1.00,6.93
0,1000,-1.00,7.11
0,1000,-1.00,8.23
0,1000,-1.00,7.07
0,1000,-1.00,7.04
0,1000,-1.00,7.10
0,1000,-1.00,6.81
0,1000,-1.00,6.56
0,1000,-1.00,6.98
0,1000,-1.00,7.30
0,1000,-1.00,7.03
0,1000,-1.00,6.92
0,1000,-1.00,7.31
0,1000,-1.00,7.32
0,1000,-1.00,7.00
0,1000,-1.00,7.11
0,1000,-1.00,6.62
0,1000,-1.00,7.71
0,1000,-1.00,7.48
1000,0,9.70,-1.00
0,1000,-1.00,7.21
1000,0,7.63,-1.00
0,1000,-1.00,7.04
0,1000,-1.00,6.83
0,1000,-1.00,7.91
0,1000,-1.00,7.36
0,1000,-1.00,7.68
0,1000,-1.00,6.66
0,1000,-1.00,7.03
0,1000,-1.00,6.94
0,1000,-1.00,7.09
0,1000,-1.00,6.60
0,1000,-1.00,7.12
0,1000,-1.00,6.72
0,1000,-1.00,7.75
0,1000,-1.00,7.71
0,1000,-1.00,6.81
0,1000,-1.00,6.43
0,1000,-1.00,7.00
0,1000,-1.00,7.08
0,1000,-1.00,7.08
0,1000,-1.00,6.71
0,1000,-1.00,7.68
0,1000,-1.00,6.44
0,1000,-1.00,7.62
0,1000,-1.00,7.05
0,1000,-1.00,8.01
0,1000,-1.00,7.56
1000,0,10.05,-1.00
0,1000,-1.00,6.88
0,1000,-1.00,7.13
0,1000,-1.00,8.39
0,1000,-1.00,6.80
0,1000,-1.00,7.02
0,1000,-1.00,8.01
0,1000,-1.00,7.65
0,1000,-1.00,6.58
0,1000,-1.00,6.83
0,1000,-1.00,8.07
0,1000,-1.00,7.34
0,1000,-1.00,7.70
0,1000,-1.00,7.48
0,1000,-1.00,6.54
0,1000,-1.00,7.25
0,1000,-1.00,7.35
0,1000,-1.00,7.46
0,1000,-1.00,7.06
0,1000,-1.00,6.86
0,1000,-1.00,7.79
0,1000,-1.00,8.15
0,1000,-1.00,6.73
0,1000,-1.00,7.42
0,1000,-1.00,7.58
0,1000,-1.00,6.76
0,1000,-1.00,7.02
0,1000,-1.00,7.60
0,1000,-1.00,6.96
0,1000,-1.00,7.20
0,1000,-1.00,7.96
0,1000,-1.00,8.17
0,1000,-1.00,8.24
0,1000,-1.00,7.12
1000,0,8.52,-1.00
0,1000,-1.00,7.49
0,1000,-1.00,7.13
0,1000,-1.00,7.66
0,1000,-1.00,7.04
0,1000,-1.00,7.30
0,1000,-1.00,7.01
0,1000,-1.00,6.60
0,1000,-1.00,7.60
0,1000,-1.00,6.81
0,1000,-1.00,6.84
0,1000,-1.00,7.60
0,1000,-1.00,6.76
0,1000,-1.00,7.53
0,1000,-1.00,7.97
0,1000,-1.00,7.36
0,1000,-1.00,7.14
0,1000,-1.00,6.39
0,1000,-1.00,8.05
0,1000,-1.00,7.04
0,1000,-1.00,6.75
0,1000,-1.00,6.95
0,1000,-1.00,7.33
0,1000,-1.00,6.62
0,1000,-1.00,8.27
0,1000,-1.00,6.85
1000,0,9.77,-1.00
0,1000,-1.00,7.00
0,1000,-1.00,7.09
0,1000,-1.00,7.08
0,1000,-1.00,8.44
0,1000,-1.00,6.47
0,1000,-1.00,7.36
0,1000,-1.00,6.73
0,1000,-1.00,7.63
0,1000,-1.00,7.51
0,1000,-1.00,7.00
0,1000,-1.00,7.10
0,1000,-1.00,8.05
0,1000,-1.00,7.43
0,1000,-1.00,7.10
0,1000,-1.00,7.35
0,1000,-1.00,7.12
0,1000,-1.00,6.87
0,1000,-1.00,7.44
0,1000,-1.00,6.95
0,1000,-1.00,7.06
0,1000,-1.00,7.23
0,1000,-1.00,6.81
0,1000,-1.00,7.96
0,1000,-1.00,7.43
0,1000,-1.00,7.24
0,1000,-1.00,7.32
0,1000,-1.00,6.26
0,1000,-1.00,7.23
0,1000,-1.00,6.93
0,1000,-1.00,7.13
0,1000,-1.00,7.61
0,1000,-1.00,7.51
0,1000,-1.00,6.82
0,1000,-1.00,6.86
0,1000,-1.00,7.34
0,1000,-1.00,7.25
0,1000,-1.00,6.50
0,1000,-1.00,7.54
0,1000,-1.00,7.20
0,1000,-1.00,7.35
0,1000,-1.00,6.77
0,1000,-1.00,6.75
0,1000,-1.00,7.27
0,1000,-1.00,7.29
0,1000,-1.00,6.88
0,1000,-1.00,7.04
0,1000,-1.00,8.25
1000,0,10.36,-1.00
0,1000,-1.00,8.04
0,1000,-1.00,6.78
0,1000,-1.00,7.07
0,1000,-1.00,6.61
0,1000,-1.00,7.05
0,1000,-1.00,7.04
0,1000,-1.00,7.35
0,1000,-1.00,7.30
0,1000,-1.00,6.36
0,1000,-1.00,6.80
0,1000,-1.00,7.61
0,1000,-1.00,7.19
0,1000,-1.00,7.46
0,1000,-1.00,6.95
0,1000,-1.00,7.64
0,1000,-1.00,7.01
0,1000,-1.00,7.95
0,1000,-1.00,7.17
0,1000,-1.00,6.98
0,1000,-1.00,6.70
0,1000,-1.00,6.89
0,1000,-1.00,7.56
0,1000,-1.00,7.71
0,1000,-1.00,6.84
0,1000,-1.00,6.82
0,1000,-1.00,6.58
0,1000,-1.00,7.46
0,1000,-1.00,7.16
0,1000,-1.00,7.47
0,1000,-1.00,7.38
0,1000,-1.00,7.40
0,1000,-1.00,7.01
0,1000,-1.00,7.06
0,1000,-1.00,7.33
0,1000,-1.00,7.21
0,1000,-1.00,7.26
0,1000,-1.00,7.37
0,1000,-1.00,7.22
0,1000,-1.00,7.79
0,1000,-1.00,6.95
0,1000,-1.00,6.82
0,1000,-1.00,7.11
0,1000,-1.00,6.99
0,1000,-1.00,7.02
0,1000,-1.00,7.87
0,1000,-1.00,6.91
0,1000,-1.00,7.34
0,1000,-1.00,6.77
0,1000,-1.00,7.89
0,1000,-1.00,7.09
0,1000,-1.00,7.48
0,1000,-1.00,7.27
0,1000,-1.00,7.17
1000,0,9.25,-1.00
0,1000,-1.00,6.76
0,1000,-1.00,6.67
0,1000,-1.00,7.54
0,1000,-1.00,7.11
0,1000,-1.00,7.46
0,1000,-1.00,6.70
0,1000,-1.00,7.24
0,1000,-1.00,6.57
0,1000,-1.00,8.54
0,1000,-1.00,6.89
0,1000,-1.00,7.09
0,1000,-1.00,6.77
0,1000,-1.00,7.84
0,1000,-1.00,7.95
0,1000,-1.00,6.79
0,1000,-1.00,6.94
0,1000,-1.00,6.72
0,1000,-1.00,6.83
0,1000,-1.00,7.28
0,1000,-1.00,6.88
0,1000,-1.00,7.70
0,1000,-1.00,7.11
0,1000,-1.00,7.77
0,1000,-1.00,7.41
0,1000,-1.00,8.00
0,1000,-1.00,7.98
0,1000,-1.00,7.50
0,1000,-1.00,7.21
0,1000,-1.00,7.52
0,1000,-1.00,7.09
0,1000,-1.00,7.87
0,1000,-1.00,6.62
0,1000,-1.00,7.82
0,1000,-1.00,7.17
0,1000,-1.00,6.74
0,1000,-1.00,7.43
0,1000,-1.00,6.59
0,1000,-1.00,7.32
0,1000,-1.00,7.86
0,1000,-1.00,7.21
0,1000,-1.00,7.14
0,1000,-1.00,8.20
0,1000,-1.00,6.95
0,1000,-1.00,7.17
0,1000,-1.00,6.57
0,1000,-1.00,6.90
0,1000,-1.00,7.30
0,1000,-1.00,7.33
0,1000,-1.00,7.83
0,1000,-1.00,8.25
0,1000,-1.00,7.57
0,1000,-1.00,7.67
0,1000,-1.00,7.28
0,1000,-1.00,7.55
0,1000,-1.00,7.08
0,1000,-1.00,7.19
0,1000,-1.00,6.82
0,1000,-1.00,7.56
0,1000,-1.00,7.35
0,1000,-1.00,6.78
0,1000,-1.00,7.00
1000,0,10.89,-1.00
0,1000,-1.00,6.85
0,1000,-1.00,6.97
0,1000,-1.00,7.39
0,1000,-1.00,7.07
0,1000,-1.00,8.14
0,1000,-1.00,6.87
0,1000,-1.00,6.97
0,1000,-1.00,7.41
0,1000,-1.00,6.88
0,1000,-1.00,7.34
0,1000,-1.00,7.84
0,1000,-1.00,6.56
0,1000,-1.00,7.35
0,1000,-1.00,7.62
0,1000,-1.00,7.63
0,1000,-1.00,7.11
0,1000,-1.00,6.99
0,1000,-1.00,7.39
0,1000,-1.00,7.54
0,1000,-1.00,6.65
0,1000,-1.00,7.33
0,1000,-1.00,7.50
1000,0,8.93,-1.00
0,1000,-1.00,6.89
0,1000,-1.00,6.86
0,1000,-1.00,7.58
0,1000,-1.00,7.39
0,1000,-1.00,6.90
0,1000,-1.00,7.51
0,1000,-1.00,7.08
0,1000,-1.00,7.34
0,1000,-1.00,7.46
0,1000,-1.00,7.58
0,1000,-1.00,7.48
0,1000,-1.00,6.83
0,1000,-1.00,7.24
0,1000,-1.00,6.75
0,1000,-1.00,7.72
0,1000,-1.00,7.48
0,1000,-1.00,6.80
0,1000,-1.00,7.61
0,1000,-1.00,7.58
0,1000,-1.00,7.56
0,1000,-1.00,7.63
0,1000,-1.00,7.29
0,1000,-1.00,6.94
0,1000,-1.00,6.72
0,1000,-1.00,6.90
0,1000,-1.00,7.09
0,1000,-1.00,6.74
0,1000,-1.00,7.33
0,1000,-1.00,7.24
0,1000,-1.00,8.79
0,1000,-1.00,7.04
0,1000,-1.00,7.35
1000,0,9.71,-1.00
0,1000,-1.00,7.61
0,1000,-1.00,7.22
0,1000,-1.00,7.80
0,1000,-1.00,7.17
0,1000,-1.00,7.05
0,1000,-1.00,7.03
0,1000,-1.00,6.39
0,1000,-1.00,7.09
0,1000,-1.00,6.91
0,1000,-1.00,7.10
0,1000,-1.00,7.84
0,1000,-1.00,7.45
0,1000,-1.00,7.23
0,1000,-1.00,6.72
0,1000,-1.00,6.60
0,1000,-1.00,7.73
0,1000,-1.00,7.34
0,1000,-1.00,7.12
0,1000,-1.00,7.56
0,1000,-1.00,7.28
0,1000,-1.00,8.43
0,1000,-1.00,6.75
0,1000,-1.00,6.86
0,1000,-1.00,7.36
0,1000,-1.00,7.99
0,1000,-1.00,7.03
0,1000,-1.00,7.68
0,1000,-1.00,7.81
0,1000,-1.00,6.96
0,1000,-1.00,6.70
0,1000,-1.00,7.46
0,1000,-1.00,6.80
0,1000,-1.00,7.00
0,1000,-1.00,6.87
0,1000,-1.00,7.60
0,1000,-1.00,7.02
0,1000,-1.00,6.88
0,1000,-1.00,6.84
0,1000,-1.00,7.07
0,1000,-1.00,7.07
0,1000,-1.00,8.11
0,1000,-1.00,6.82
1000,0,8.62,-1.00
0,1000,-1.00,7.15
0,1000,-1.00,9.62
0,1000,-1.00,7.03
0,1000,-1.00,6.81
0,1000,-1.00,7.43
0,1000,-1.00,7.76
0,1000,-1.00,6.52
0,1000,-1.00,6.82
0,1000,-1.00,8.23
0,1000,-1.00,7.34
0,1000,-1.00,7.05
0,1000,-1.00,7.20
0,1000,-1.00,6.73
0,1000,-1.00,7.74
0,1000,-1.00,6.86
0,1000,-1.00,6.74
0,1000,-1.00,6.70
0,1000,-1.00,6.92
0,1000,-1.00,7.55
0,1000,-1.00,6.62
0,1000,-1.00,6.43
0,1000,-1.00,7.48
0,1000,-1.00,6.68
0,1000,-1.00,7.63
0,1000,-1.00,7.16
0,1000,-1.00,7.39
0,1000,-1.00,7.13
0,1000,-1.00,6.67
0,1000,-1.00,7.16
0,1000,-1.00,6.85
0,1000,-1.00,7.96
1000,0,9.12,-1.00
0,1000,-1.00,6.53
0,1000,-1.00,9.19
0,1000,-1.00,6.89
0,1000,-1.00,7.48
0,1000,-1.00,6.68
0,1000,-1.00,7.07
0,1000,-1.00,7.19
0,1000,-1.00,6.73
0,1000,-1.00,7.48
0,1000,-1.00,7.14
0,1000,-1.00,6.91
0,1000,-1.00,7.45
0,1000,-1.00,7.24
0,1000,-1.00,7.32
0,1000,-1.00,6.68
0,1000,-1.00,6.58
0,1000,-1.00,6.86
0,1000,-1.00,7.22
0,1000,-1.00,6.81
0,1000,-1.00,6.34
0,1000,-1.00,7.36
0,1000,-1.00,7.94
0,1000,-1.00,6.47
0,1000,-1.00,6.97
0,1000,-1.00,7.41
0,1000,-1.00,8.85
0,1000,-1.00,7.51
0,1000,-1.00,7.34
0,1000,-1.00,6.99
0,1000,-1.00,7.54
0,1000,-1.00,6.98
0,1000,-1.00,6.51
0,1000,-1.00,7.90
0,1000,-1.00,7.69
0,1000,-1.00,6.68
0,1000,-1.00,6.64
0,1000,-1.00,6.50
0,1000,-1.00,7.60
0,1000,-1.00,7.16
0,1000,-1.00,6.82
0,1000,-1.00,7.32
0,1000,-1.00,7.44
0,1000,-1.00,7.21
0,1000,-1.00,6.93
0,1000,-1.00,7.26
0,1000,-1.00,6.99
0,1000,-1.00,7.78
0,1000,-1.00,6.76
0,1000,-1.00,6.85
0,1000,-1.00,7.20
0,1000,-1.00,7.02
0,1000,-1.00,7.02
0,1000,-1.00,6.45
0,1000,-1.00,6.61
0,1000,-1.00,6.76
0,1000,-1.00,7.11
0,1000,-1.00,7.19
0,1000,-1.00,6.75
0,1000,-1.00,7.18
0,1000,-1.00,6.46
0,1000,-1.00,6.82
0,1000,-1.00,7.16
0,1000,-1.00,7.96
0,1000,-1.00,6.73
1000,0,9.26,-1.00
0,1000,-1.00,7.19
0,1000,-1.00,7.29
1000,0,9.12,-1.00
0,1000,-1.00,6.89
0,1000,-1.00,6.83
0,1000,-1.00,6.81
0,1000,-1.00,7.37
0,1000,-1.00,6.78
0,1000,-1.00,7.10
0,1000,-1.00,7.62
0,1000,-1.00,6.77
0,1000,-1.00,8.56
0,1000,-1.00,7.17
0,1000,-1.00,6.81
0,1000,-1.00,9.01
0,1000,-1.00,7.01
0,1000,-1.00,6.79
0,1000,-1.00,7.55
0,1000,-1.00,7.45
0,1000,-1.00,6.68
1000,0,9.10,-1.00
0,1000,-1.00,7.02
0,1000,-1.00,6.91
0,1000,-1.00,6.30
0,1000,-1.00,7.10
0,1000,-1.00,6.97
0,1000,-1.00,6.99
0,1000,-1.00,7.58
0,1000,-1.00,7.66
0,1000,-1.00,7.64
0,1000,-1.00,6.96
0,1000,-1.00,7.28
0,1000,-1.00,6.56
0,1000,-1.00,7.26
0,1000,-1.00,8.76
0,1000,-1.00,6.95
0,1000,-1.00,7.03
0,1000,-1.00,6.73
0,1000,-1.00,8.16
0,1000,-1.00,6.38
0,1000,-1.00,7.45
0,1000,-1.00,7.45
0,1000,-1.00,6.52
0,1000,-1.00,6.55
0,1000,-1.00,7.36
0,1000,-1.00,6.96
0,1000,-1.00,8.06
0,1000,-1.00,6.88
0,1000,-1.00,7.15
0,1000,-1.00,7.16
0,1000,-1.00,7.66
0,1000,-1.00,7.28
0,1000,-1.00,7.41
0,1000,-1.00,6.66
0,1000,-1.00,6.91
0,1000,-1.00,8.27
0,1000,-1.00,7.30
0,1000,-1.00,6.77
0,1000,-1.00,7.03
0,1000,-1.00,7.51
0,1000,-1.00,7.15
0,1000,-1.00,7.58
0,1000,-1.00,7.60
0,1000,-1.00,7.27
0,1000,-1.00,7.53
0,1000,-1.00,8.11
0,1000,-1.00,9.04
0,1000,-1.00,7.34
0,1000,-1.00,7.45
0,1000,-1.00,6.60
0,1000,-1.00,6.92
1000,0,9.28,-1.00
0,1000,-1.00,7.19
0,1000,-1.00,6.79
0,1000,-1.00,6.89
0,1000,-1.00,7.35
0,1000,-1.00,7.35
0,1000,-1.00,7.06
0,1000,-1.00,7.10
0,1000,-1.00,7.19
0,1000,-1.00,7.24
0,1000,-1.00,7.25
0,1000,-1.00,7.76
0,1000,-1.00,6.80
0,1000,-1.00,7.31
0,1000,-1.00,7.62
0,1000,-1.00,6.63
0,1000,-1.00,7.05
0,1000,-1.00,6.79
0,1000,-1.00,6.99
0,1000,-1.00,8.67
0,1000,-1.00,7.38
0,1000,-1.00,7.16
0,1000,-1.00,6.86
0,1000,-1.00,6.96
0,1000,-1.00,7.43
0,1000,-1.00,6.98
0,1000,-1.00,7.19
0,1000,-1.00,7.69
0,1000,-1.00,7.13
0,1000,-1.00,7.29
0,1000,-1.00,6.84
0,1000,-1.00,7.39
0,1000,-1.00,7.32
0,1000,-1.00,8.05
0,1000,-1.00,7.52
0,1000,-1.00,7.69
0,1000,-1.00,7.55
0,1000,-1.00,7.32
0,1000,-1.00,6.50
0,1000,-1.00,6.99
0,1000,-1.00,6.75
0,1000,-1.00,7.61
0,1000,-1.00,6.82
0,1000,-1.00,7.44
0,1000,-1.00,8.19
0,1000,-1.00,6.87
0,1000,-1.00,6.87
0,1000,-1.00,7.89
0,1000,-1.00,6.33
0,1000,-1.00,7.75
0,1000,-1.00,6.63
0,1000,-1.00,7.19
0,1000,-1.00,6.66
0,1000,-1.00,8.07
0,1000,-1.00,8.52
0,1000,-1.00,7.46
0,1000,-1.00,6.55
0,1000,-1.00,7.48
0,1000,-1.00,8.04
0,1000,-1.00,7.02
0,1000,-1.00,6.93
0,1000,-1.00,7.02
0,1000,-1.00,6.71
0,1000,-1.00,6.97
0,1000,-1.00,8.53
0,1000,-1.00,6.80
0,1000,-1.00,9.06
0,1000,-1.00,7.31
0,1000,-1.00,7.11
0,1000,-1.00,7.09
0,1000,-1.00,6.28
0,1000,-1.00,8.03
0,1000,-1.00,7.49
0,1000,-1.00,7.41
0,1000,-1.00,7.09
0,1000,-1.00,6.80
0,1000,-1.00,7.42
0,1000,-1.00,7.38
0,1000,-1.00,6.80
0,1000,-1.00,10.07
0,1000,-1.00,6.98
0,1000,-1.00,8.22
0,1000,-1.00,7.51
0,1000,-1.00,6.82
0,1000,-1.00,6.96
0,1000,-1.00,10.98
0,1000,-1.00,7.74
1000,0,9.15,-1.00
0,1000,-1.00,7.74
0,1000,-1.00,6.99
0,1000,-1.00,7.18
0,1000,-1.00,8.09
1000,0,8.77,-1.00
0,1000,-1.00,6.14
0,1000,-1.00,6.41
0,1000,-1.00,7.34
0,1000,-1.00,7.36
0,1000,-1.00,7.08
0,1000,-1.00,6.62
0,1000,-1.00,6.91
0,1000,-1.00,7.65
0,1000,-1.00,7.06
0,1000,-1.00,7.18
0,1000,-1.00,7.68
0,1000,-1.00,6.87
0,1000,-1.00,7.96
0,1000,-1.00,7.16
0,1000,-1.00,6.43
0,1000,-1.00,6.94
0,1000,-1.00,7.91
0,1000,-1.00,7.32
0,1000,-1.00,7.80
0,1000,-1.00,7.40
0,1000,-1.00,7.18
0,1000,-1.00,6.97
0,1000,-1.00,6.59
1000,0,8.43,-1.00
0,1000,-1.00,6.79
0,1000,-1.00,7.70
0,1000,-1.00,7.35
0,1000,-1.00,7.66
0,1000,-1.00,6.56
0,1000,-1.00,6.80
0,1000,-1.00,8.14
0,1000,-1.00,6.85
0,1000,-1.00,6.83
0,1000,-1.00,7.00
0,1000,-1.00,7.13
0,1000,-1.00,7.52
0,1000,-1.00,7.84
0,1000,-1.00,7.29
0,1000,-1.00,6.51
0,1000,-1.00,7.50
0,1000,-1.00,6.40
0,1000,-1.00,6.63
0,1000,-1.00,6.66
0,1000,-1.00,6.98
0,1000,-1.00,7.03
0,1000,-1.00,7.41
0,1000,-1.00,7.47
0,1000,-1.00,7.28
0,1000,-1.00,7.49
0,1000,-1.00,7.51
0,1000,-1.00,7.05
0,1000,-1.00,7.11
0,1000,-1.00,7.16
0,1000,-1.00,6.34
0,1000,-1.00,6.71
0,1000,-1.00,7.34
0,1000,-1.00,7.28
0,1000,-1.00,7.11
0,1000,-1.00,7.62
0,1000,-1.00,7.18
0,1000,-1.00,7.10
0,1000,-1.00,6.59
0,1000,-1.00,6.46
0,1000,-1.00,7.76
0,1000,-1.00,8.02
0,1000,-1.00,7.65
0,1000,-1.00,7.09
0,1000,-1.00,7.14
0,1000,-1.00,7.10
0,1000,-1.00,7.18
0,1000,-1.00,7.26
1000,0,9.45,-1.00
0,1000,-1.00,7.54
0,1000,-1.00,7.25
0,1000,-1.00,6.99
0,1000,-1.00,7.03
0,1000,-1.00,7.16
0,1000,-1.00,7.01
0,1000,-1.00,7.28
0,1000,-1.00,7.03
0,1000,-1.00,6.73
0,1000,-1.00,7.06
0,1000,-1.00,6.66
0,1000,-1.00,7.10
0,1000,-1.00,7.11
0,1000,-1.00,6.87
0,1000,-1.00,7.01
0,1000,-1.00,7.78
0,1000,-1.00,7.45
0,1000,-1.00,7.34
0,1000,-1.00,7.08
0,1000,-1.00,6.77
0,1000,-1.00,6.68
0,1000,-1.00,7.04
0,1000,-1.00,7.15
0,1000,-1.00,7.79
0,1000,-1.00,6.98
0,1000,-1.00,6.84
0,1000,-1.00,7.14
0,1000,-1.00,7.31
0,1000,-1.00,6.47
0,1000,-1.00,6.96
1000,0,11.12,-1.00
0,1000,-1.00,6.81
0,1000,-1.00,6.95
0,1000,-1.00,7.41
0,1000,-1.00,6.94
1000,0,9.09,-1.00
0,1000,-1.00,7.84
0,1000,-1.00,7.06
0,1000,-1.00,7.30
0,1000,-1.00,6.91
0,1000,-1.00,7.01
0,1000,-1.00,6.66
0,1000,-1.00,7.62
0,1000,-1.00,7.84
0,1000,-1.00,8.04
0,1000,-1.00,7.12
0,1000,-1.00,7.35
0,1000,-1.00,7.45
0,1000,-1.00,7.80
0,1000,-1.00,6.87
0,1000,-1.00,6.63
0,1000,-1.00,6.62
0,1000,-1.00,6.78
0,1000,-1.00,7.05
0,1000,-1.00,7.61
0,1000,-1.00,7.16
1000,0,9.36,-1.00
0,1000,-1.00,7.18
0,1000,-1.00,7.16
0,1000,-1.00,8.11
0,1000,-1.00,7.49
0,1000,-1.00,7.03
0,1000,-1.00,6.87
0,1000,-1.00,6.45
0,1000,-1.00,6.93
0,1000,-1.00,7.10
0,1000,-1.00,7.33
0,1000,-1.00,7.73
0,1000,-1.00,6.71
0,1000,-1.00,7.24
0,1000,-1.00,7.48
0,1000,-1.00,7.89
0,1000,-1.00,6.95
0,1000,-1.00,6.38
0,1000,-1.00,7.18
0,1000,-1.00,6.76
0,1000,-1.00,7.31
0,1000,-1.00,6.53
0,1000,-1.00,6.78
0,1000,-1.00,7.26
0,1000,-1.00,6.91
0,1000,-1.00,6.85
0,1000,-1.00,6.64
0,1000,-1.00,7.50
0,1000,-1.00,7.58
0,1000,-1.00,7.41
0,1000,-1.00,7.11
0,1000,-1.00,7.76
0,1000,-1.00,7.82
0,1000,-1.00,7.05
0,1000,-1.00,6.69
0,1000,-1.00,6.76
0,1000,-1.00,7.07
0,1000,-1.00,6.62
0,1000,-1.00,7.52
0,1000,-1.00,7.86
0,1000,-1.00,7.60
0,1000,-1.00,7.15
0,1000,-1.00,6.97
0,1000,-1.00,7.75
0,1000,-1.00,6.96
0,1000,-1.00,7.43
0,1000,-1.00,8.72
0,1000,-1.00,6.98
0,1000,-1.00,7.35
0,1000,-1.00,6.95
0,1000,-1.00,6.93
0,1000,-1.00,7.54
0,1000,-1.00,7.00
0,1000,-1.00,7.57
0,1000,-1.00,6.43
0,1000,-1.00,7.52
0,1000,-1.00,7.80
0,1000,-1.00,7.29
0,1000,-1.00,6.93
0,1000,-1.00,7.73
0,1000,-1.00,6.87
0,1000,-1.00,7.35
0,1000,-1.00,6.42
0,1000,-1.00,8.07
0,1000,-1.00,6.91
0,1000,-1.00,7.42
0,1000,-1.00,7.85
0,1000,-1.00,9.85
0,1000,-1.00,7.02
0,1000,-1.00,7.92
0,1000,-1.00,7.09
0,1000,-1.00,7.10
0,1000,-1.00,6.70
0,1000,-1.00,6.85
0,1000,-1.00,7.54
0,1000,-1.00,7.57
0,1000,-1.00,7.09
0,1000,-1.00,6.63
0,1000,-1.00,7.04
0,1000,-1.00,7.06
0,1000,-1.00,7.24
0,1000,-1.00,7.23
0,1000,-1.00,7.48
0,1000,-1.00,7.59
0,1000,-1.00,6.34
0,1000,-1.00,7.14
0,1000,-1.00,7.13
0,1000,-1.00,7.31
0,1000,-1.00,8.06
0,1000,-1.00,7.06
0,1000,-1.00,7.95
0,1000,-1.00,6.85
0,1000,-1.00,7.76
0,1000,-1.00,6.69
0,1000,-1.00,7.10
0,1000,-1.00,7.47
0,1000,-1.00,8.16
0,1000,-1.00,7.01
0,1000,-1.00,7.24
0,1000,-1.00,8.87
0,1000,-1.00,7.56
0,1000,-1.00,7.34
0,1000,-1.00,6.44
0,1000,-1.00,7.53
0,1000,-1.00,6.76
0,1000,-1.00,6.92
0,1000,-1.00,7.17
0,1000,-1.00,6.99
0,1000,-1.00,6.98
0,1000,-1.00,6.88
0,1000,-1.00,8.47
0,1000,-1.00,6.79
1000,0,9.94,-1.00
0,1000,-1.00,7.11
0,1000,-1.00,7.28
0,1000,-1.00,7.30
0,1000,-1.00,7.12
0,1000,-1.00,7.79
0,1000,-1.00,7.38
0,1000,-1.00,7.25
0,1000,-1.00,7.09
0,1000,-1.00,7.79
0,1000,-1.00,7.98
0,1000,-1.00,7.22
0,1000,-1.00,7.26
0,1000,-1.00,6.89
0,1000,-1.00,7.38
0,1000,-1.00,6.50
0,1000,-1.00,7.01
0,1000,-1.00,6.67
0,1000,-1.00,6.71
0,1000,-1.00,7.97
0,1000,-1.00,7.38
0,1000,-1.00,6.99
0,1000,-1.00,6.85
0,1000,-1.00,6.45
0,1000,-1.00,7.39
0,1000,-1.00,7.28
0,1000,-1.00,6.85
0,1000,-1.00,8.30
0,1000,-1.00,6.73
0,1000,-1.00,6.64
1000,0,10.00,-1.00
0,1000,-1.00,7.67
0,1000,-1.00,6.85
1000,0,10.11,-1.00
0,1000,-1.00,7.02
0,1000,-1.00,7.18
0,1000,-1.00,7.91
0,1000,-1.00,7.40
0,1000,-1.00,7.41
0,1000,-1.00,7.07
0,1000,-1.00,7.32
0,1000,-1.00,6.58
0,1000,-1.00,7.33
0,1000,-1.00,7.36
0,1000,-1.00,7.18
0,1000,-1.00,7.76
0,1000,-1.00,7.19
0,1000,-1.00,7.21
0,1000,-1.00,7.21
0,1000,-1.00,7.11
0,1000,-1.00,8.01
0,1000,-1.00,7.21
0,1000,-1.00,6.91
0,1000,-1.00,6.54
0,1000,-1.00,6.96
0,1000,-1.00,6.46
0,1000,-1.00,8.19
0,1000,-1.00,6.55
1000,0,9.35,-1.00
0,1000,-1.00,8.52
0,1000,-1.00,6.75
0,1000,-1.00,7.25
0,1000,-1.00,7.41
0,1000,-1.00,7.00
1000,0,11.31,-1.00
0,1000,-1.00,7.16
0,1000,-1.00,7.93
0,1000,-1.00,7.86
0,1000,-1.00,7.36
0,1000,-1.00,7.22
0,1000,-1.00,7.45
1000,0,8.91,-1.00
0,1000,-1.00,7.97
0,1000,-1.00,7.52
0,1000,-1.00,7.95
0,1000,-1.00,7.16
0,1000,-1.00,6.63
0,1000,-1.00,7.79
0,1000,-1.00,7.38
0,1000,-1.00,6.60
0,1000,-1.00,7.15
0,1000,-1.00,6.61
0,1000,-1.00,7.13
0,1000,-1.00,7.84
0,1000,-1.00,7.62
0,1000,-1.00,7.78
0,1000,-1.00,7.10
0,1000,-1.00,7.24
1000,0,9.02,-1.00
0,1000,-1.00,7.36
0,1000,-1.00,7.16
0,1000,-1.00,7.10
0,1000,-1.00,6.60
0,1000,-1.00,7.00
0,1000,-1.00,6.93
0,1000,-1.00,6.72
0,1000,-1.00,7.19
0,1000,-1.00,7.23
0,1000,-1.00,7.30
0,1000,-1.00,7.20
0,1000,-1.00,7.50
0,1000,-1.00,7.59
0,1000,-1.00,7.23
0,1000,-1.00,7.61
0,1000,-1.00,6.87
0,1000,-1.00,7.21
0,1000,-1.00,6.80
0,1000,-1.00,7.14
0,1000,-1.00,6.82
0,1000,-1.00,7.18
0,1000,-1.00,7.09
0,1000,-1.00,6.84
0,1000,-1.00,7.42
0,1000,-1.00,7.61
0,1000,-1.00,8.01
0,1000,-1.00,7.12
0,1000,-1.00,7.57
0,1000,-1.00,7.11
0,1000,-1.00,6.97
0,1000,-1.00,8.90
0,1000,-1.00,7.22
0,1000,-1.00,6.78
0,1000,-1.00,6.84
0,1000,-1.00,7.01
0,1000,-1.00,6.28
0,1000,-1.00,6.94
0,1000,-1.00,6.79
0,1000,-1.00,7.42
0,1000,-1.00,6.75
0,1000,-1.00,6.84
0,1000,-1.00,7.68
0,1000,-1.00,6.95
0,1000,-1.00,7.32
0,1000,-1.00,8.34
0,1000,-1.00,7.11
0,1000,-1.00,6.97
0,1000,-1.00,7.44
0,1000,-1.00,7.18
0,1000,-1.00,7.28
0,1000,-1.00,7.43
0,1000,-1.00,6.38
0,1000,-1.00,6.97
0,1000,-1.00,7.64
0,1000,-1.00,6.92
0,1000,-1.00,8.39
0,1000,-1.00,6.92
0,1000,-1.00,6.72
0,1000,-1.00,7.91
0,1000,-1.00,7.28
0,1000,-1.00,6.70
0,1000,-1.00,7.70
0,1000,-1.00,6.96
0,1000,-1.00,6.82
0,1000,-1.00,7.39
0,1000,-1.00,6.38
0,1000,-1.00,7.36
0,1000,-1.00,7.61
0,1000,-1.00,6.71
0,1000,-1.00,7.82
0,1000,-1.00,6.67
0,1000,-1.00,6.60
0,1000,-1.00,6.78
0,1000,-1.00,6.85
0,1000,-1.00,7.13
0,1000,-1.00,7.60
0,1000,-1.00,7.03
0,1000,-1.00,7.37
0,1000,-1.00,7.30
0,1000,-1.00,7.49
0,1000,-1.00,6.74
0,1000,-1.00,7.03
0,1000,-1.00,7.43
0,1000,-1.00,6.44
0,1000,-1.00,6.83
0,1000,-1.00,7.62
0,1000,-1.00,7.92
0,1000,-1.00,7.05
0,1000,-1.00,6.80
0,1000,-1.00,6.66
0,1000,-1.00,6.81
0,1000,-1.00,7.39
0,1000,-1.00,7.18
0,1000,-1.00,6.97
0,1000,-1.00,6.78
0,1000,-1.00,6.72
0,1000,-1.00,6.53
0,1000,-1.00,6.61
0,1000,-1.00,7.44
0,1000,-1.00,7.58
0,1000,-1.00,6.31
0,1000,-1.00,7.16
0,1000,-1.00,7.33
0,1000,-1.00,6.86
0,1000,-1.00,7.06
0,1000,-1.00,6.72
0,1000,-1.00,6.59
0,1000,-1.00,7.43
0,1000,-1.00,7.27
0,1000,-1.00,7.07
0,1000,-1.00,7.27
0,1000,-1.00,7.26
0,1000,-1.00,7.91
0,1000,-1.00,8.04
0,1000,-1.00,6.92
0,1000,-1.00,7.11
0,1000,-1.00,6.43
0,1000,-1.00,7.57
0,1000,-1.00,6.86
0,1000,-1.00,7.56
0,1000,-1.00,7.97
0,1000,-1.00,7.21
0,1000,-1.00,7.20
0,1000,-1.00,6.98
0,1000,-1.00,8.05
1000,0,10.45,-1.00
0,1000,-1.00,7.59
0,1000,-1.00,6.79
0,1000,-1.00,7.67
0,1000,-1.00,8.30
0,1000,-1.00,7.02
0,1000,-1.00,7.22
0,1000,-1.00,7.97
0,1000,-1.00,7.21
0,1000,-1.00,6.87
0,1000,-1.00,7.80
0,1000,-1.00,7.56
0,1000,-1.00,7.84
0,1000,-1.00,7.60
0,1000,-1.00,7.09
0,1000,-1.00,6.75
0,1000,-1.00,6.86
0,1000,-1.00,7.18
0,1000,-1.00,7.39
0,1000,-1.00,7.47
0,1000,-1.00,6.68
0,1000,-1.00,6.88
0,1000,-1.00,6.98
0,1000,-1.00,7.59
0,1000,-1.00,7.10
0,1000,-1.00,7.08
0,1000,-1.00,9.69
0,1000,-1.00,8.18
0,1000,-1.00,7.16
0,1000,-1.00,6.55
1000,0,8.38,-1.00
0,1000,-1.00,7.53
0,1000,-1.00,7.76
0,1000,-1.00,7.20
0,1000,-1.00,9.03
0,1000,-1.00,7.49
0,1000,-1.00,7.35
0,1000,-1.00,7.00
0,1000,-1.00,7.48
0,1000,-1.00,7.28
0,1000,-1.00,6.89
0,1000,-1.00,7.20
0,1000,-1.00,7.77
0,1000,-1.00,7.62
0,1000,-1.00,7.30
0,1000,-1.00,6.87
0,1000,-1.00,7.12
0,1000,-1.00,6.66
0,1000,-1.00,6.96
0,1000,-1.00,6.74
0,1000,-1.00,8.40
0,1000,-1.00,7.31
0,1000,-1.00,7.46
0,1000,-1.00,6.99
0,1000,-1.00,7.09
0,1000,-1.00,6.85
0,1000,-1.00,6.88
0,1000,-1.00,6.91
0,1000,-1.00,7.13
0,1000,-1.00,7.85
0,1000,-1.00,7.49
0,1000,-1.00,7.59
0,1000,-1.00,6.87
0,1000,-1.00,7.60
0,1000,-1.00,7.03
0,1000,-1.00,7.27
0,1000,-1.00,7.15
0,1000,-1.00,7.34
0,1000,-1.00,6.78
0,1000,-1.00,6.78
0,1000,-1.00,7.16
0,1000,-1.00,6.79
0,1000,-1.00,7.31
0,1000,-1.00,7.77
0,1000,-1.00,6.29
0,1000,-1.00,6.59
1000,0,8.76,-1.00
0,1000,-1.00,7.31
0,1000,-1.00,6.98
0,1000,-1.00,7.55
0,1000,-1.00,7.04
0,1000,-1.00,7.34
0,1000,-1.00,6.68
0,1000,-1.00,7.42
0,1000,-1.00,7.32
0,1000,-1.00,6.96
0,1000,-1.00,6.74
0,1000,-1.00,7.07
0,1000,-1.00,7.13
0,1000,-1.00,7.01
0,1000,-1.00,7.53
0,1000,-1.00,7.28
0,1000,-1.00,6.67
0,1000,-1.00,7.13
0,1000,-1.00,7.41
0,1000,-1.00,6.36
0,1000,-1.00,7.05
0,1000,-1.00,7.80
0,1000,-1.00,7.37
0,1000,-1.00,7.05
0,1000,-1.00,7.53
0,1000,-1.00,7.62
0,1000,-1.00,7.26
0,1000,-1.00,6.72
0,1000,-1.00,6.90
0,1000,-1.00,6.99
0,1000,-1.00,7.72
0,1000,-1.00,6.90
0,1000,-1.00,7.42
0,1000,-1.00,7.11
0,1000,-1.00,7.03
0,1000,-1.00,7.53
0,1000,-1.00,7.50
0,1000,-1.00,7.51
0,1000,-1.00,7.51
0,1000,-1.00,7.11
0,1000,-1.00,7.12
0,1000,-1.00,7.32
0,1000,-1.00,6.66
0,1000,-1.00,7.08
0,1000,-1.00,9.06
0,1000,-1.00,6.47
0,1000,-1.00,6.90
0,1000,-1.00,7.93
0,1000,-1.00,7.48
0,1000,-1.00,7.64
0,1000,-1.00,6.86
0,1000,-1.00,7.26
0,1000,-1.00,6.66
0,1000,-1.00,6.56
1000,0,9.15,-1.00
0,1000,-1.00,7.21
0,1000,-1.00,8.10
0,1000,-1.00,6.86
0,1000,-1.00,7.15
0,1000,-1.00,6.37
0,1000,-1.00,7.77
0,1000,-1.00,7.00
0,1000,-1.00,8.04
0,1000,-1.00,7.07
0,1000,-1.00,7.47
0,1000,-1.00,7.74
0,1000,-1.00,6.62
0,1000,-1.00,7.41
0,1000,-1.00,7.41
0,1000,-1.00,6.96
0,1000,-1.00,7.78
0,1000,-1.00,7.42
0,1000,-1.00,6.93
0,1000,-1.00,7.00
0,1000,-1.00,7.92
0,1000,-1.00,7.12
0,1000,-1.00,9.05
0,1000,-1.00,7.26
0,1000,-1.00,6.60
0,1000,-1.00,7.28
0,1000,-1.00,7.08
0,1000,-1.00,7.48
0,1000,-1.00,8.32
0,1000,-1.00,6.67
0,1000,-1.00,7.26
0,1000,-1.00,6.89
0,1000,-1.00,7.45
0,1000,-1.00,7.37
0,1000,-1.00,7.17
0,1000,-1.00,6.52
0,1000,-1.00,8.19
0,1000,-1.00,6.95
0,1000,-1.00,6.86
0,1000,-1.00,7.29
0,1000,-1.00,6.94
0,1000,-1.00,7.10
1000,0,9.21,-1.00
0,1000,-1.00,7.03
1000,0,7.84,-1.00
0,1000,-1.00,6.62
0,1000,-1.00,6.69
0,1000,-1.00,6.28
0,1000,-1.00,7.10
0,1000,-1.00,6.65
0,1000,-1.00,7.92
0,1000,-1.00,7.29
0,1000,-1.00,7.02
0,1000,-1.00,7.52
0,1000,-1.00,7.11
0,1000,-1.00,7.06
0,1000,-1.00,7.28
0,1000,-1.00,7.29
0,1000,-1.00,7.25
0,1000,-1.00,6.91
0,1000,-1.00,7.06
0,1000,-1.00,7.67
0,1000,-1.00,6.97
0,1000,-1.00,8.11
0,1000,-1.00,7.10
0,1000,-1.00,8.54
0,1000,-1.00,7.49
0,1000,-1.00,7.99
0,1000,-1.00,7.65
0,1000,-1.00,6.88
0,1000,-1.00,7.14
0,1000,-1.00,6.78
0,1000,-1.00,7.45
0,1000,-1.00,7.61
0,1000,-1.00,6.96
1000,0,8.48,-1.00
0,1000,-1.00,6.81
1000,0,10.15,-1.00
0,1000,-1.00,6.70
0,1000,-1.00,8.01
0,1000,-1.00,6.79
0,1000,-1.00,6.80
0,1000,-1.00,6.68
0,1000,-1.00,7.12
0,1000,-1.00,7.47
0,1000,-1.00,7.20
0,1000,-1.00,6.84
0,1000,-1.00,7.20
0,1000,-1.00,6.82
0,1000,-1.00,6.48
0,1000,-1.00,7.58
0,1000,-1.00,7.21
0,1000,-1.00,7.12
0,1000,-1.00,7.43
0,1000,-1.00,7.16
0,1000,-1.00,7.00
0,1000,-1.00,6.97
0,1000,-1.00,7.95
0,1000,-1.00,6.90
0,1000,-1.00,7.09
0,1000,-1.00,6.97
0,1000,-1.00,7.18
0,1000,-1.00,7.31
0,1000,-1.00,6.77
0,1000,-1.00,6.92
0,1000,-1.00,7.52
0,1000,-1.00,7.73
0,1000,-1.00,6.83
0,1000,-1.00,7.29
0,1000,-1.00,7.87
0,1000,-1.00,7.54
0,1000,-1.00,7.02
0,1000,-1.00,6.88
0,1000,-1.00,6.97
0,1000,-1.00,7.39
0,1000,-1.00,6.51
0,1000,-1.00,7.17
0,1000,-1.00,6.92
0,1000,-1.00,7.05
0,1000,-1.00,7.49
0,1000,-1.00,7.04
0,1000,-1.00,7.32
0,1000,-1.00,7.30
0,1000,-1.00,6.59
0,1000,-1.00,7.36
0,1000,-1.00,7.04
0,1000,-1.00,6.32
0,1000,-1.00,6.77
0,1000,-1.00,6.93
0,1000,-1.00,6.90
0,1000,-1.00,7.11
0,1000,-1.00,6.73
0,1000,-1.00,7.17
0,1000,-1.00,7.32
0,1000,-1.00,7.24
0,1000,-1.00,6.96
0,1000,-1.00,7.96
0,1000,-1.00,7.56
0,1000,-1.00,7.09
0,1000,-1.00,6.92
0,1000,-1.00,6.78
0,1000,-1.00,7.14
1000,0,9.96,-1.00
0,1000,-1.00,7.76
0,1000,-1.00,7.34
0,1000,-1.00,8.09
0,1000,-1.00,7.03
0,1000,-1.00,7.29
0,1000,-1.00,7.57
0,1000,-1.00,6.84
0,1000,-1.00,7.32
0,1000,-1.00,6.25
0,1000,-1.00,7.58
0,1000,-1.00,6.72
0,1000,-1.00,7.70
0,1000,-1.00,7.18
0,1000,-1.00,7.53
0,1000,-1.00,7.36
0,1000,-1.00,6.93
0,1000,-1.00,6.13
0,1000,-1.00,7.35
0,1000,-1.00,6.52
0,1000,-1.00,7.10
0,1000,-1.00,6.35
0,1000,-1.00,6.62
0,1000,-1.00,7.08
0,1000,-1.00,7.11
0,1000,-1.00,7.24
0,1000,-1.00,7.11
0,1000,-1.00,7.21
0,1000,-1.00,7.90
0,1000,-1.00,7.11
0,1000,-1.00,7.90
0,1000,-1.00,7.62
0,1000,-1.00,7.02
0,1000,-1.00,6.67
0,1000,-1.00,7.22
0,1000,-1.00,6.67
0,1000,-1.00,7.71
0,1000,-1.00,6.69
0,1000,-1.00,7.02
0,1000,-1.00,6.92
0,1000,-1.00,7.30
0,1000,-1.00,7.24
0,1000,-1.00,7.11
0,1000,-1.00,7.04
0,1000,-1.00,7.57
0,1000,-1.00,7.67
0,1000,-1.00,7.62
0,1000,-1.00,6.63
0,1000,-1.00,6.86
0,1000,-1.00,7.23
0,1000,-1.00,7.13
0,1000,-1.00,7.16
0,1000,-1.00,7.09
0,1000,-1.00,6.76
0,1000,-1.00,8.13
0,1000,-1.00,7.59
0,1000,-1.00,8.24
0,1000,-1.00,7.00
0,1000,-1.00,7.39
0,1000,-1.00,7.11
0,1000,-1.00,7.05
0,1000,-1.00,7.02
0,1000,-1.00,6.78
0,1000,-1.00,6.87
0,1000,-1.00,6.79
0,1000,-1.00,7.15
0,1000,-1.00,7.24
0,1000,-1.00,7.57
0,1000,-1.00,7.02
0,1000,-1.00,8.03
0,1000,-1.00,7.82
0,1000,-1.00,7.35
0,1000,-1.00,7.37
0,1000,-1.00,7.03
0,1000,-1.00,6.38
0,1000,-1.00,7.51
1000,0,9.67,-1.00
0,1000,-1.00,6.27
0,1000,-1.00,6.55
0,1000,-1.00,7.69
0,1000,-1.00,6.89
0,1000,-1.00,8.05
0,1000,-1.00,6.83
0,1000,-1.00,7.05
0,1000,-1.00,7.22
0,1000,-1.00,7.22
0,1000,-1.00,7.68
0,1000,-1.00,7.03
0,1000,-1.00,6.69
0,1000,-1.00,7.28
0,1000,-1.00,6.95
0,1000,-1.00,7.39
0,1000,-1.00,6.62
0,1000,-1.00,7.84
0,1000,-1.00,7.15
0,1000,-1.00,7.90
0,1000,-1.00,6.63
0,1000,-1.00,7.32
0,1000,-1.00,7.19
0,1000,-1.00,6.63
0,1000,-1.00,6.82
0,1000,-1.00,6.62
0,1000,-1.00,6.81
0,1000,-1.00,6.46
0,1000,-1.00,7.09
0,1000,-1.00,7.35
0,1000,-1.00,6.74
0,1000,-1.00,7.42
0,1000,-1.00,6.85
0,1000,-1.00,6.41
0,1000,-1.00,6.92
0,1000,-1.00,6.76
0,1000,-1.00,7.75
0,1000,-1.00,8.06
0,1000,-1.00,7.48
0,1000,-1.00,7.29
0,1000,-1.00,7.18
1000,0,10.23,-1.00
0,1000,-1.00,7.09
0,1000,-1.00,6.63
0,1000,-1.00,7.02
0,1000,-1.00,6.84
0,1000,-1.00,7.10
0,1000,-1.00,8.02
0,1000,-1.00,6.89
0,1000,-1.00,6.36
0,1000,-1.00,6.73
0,1000,-1.00,7.07
0,1000,-1.00,8.01
0,1000,-1.00,7.06
0,1000,-1.00,8.01
0,1000,-1.00,6.80
0,1000,-1.00,7.29
0,1000,-1.00,9.52
0,1000,-1.00,8.59
0,1000,-1.00,6.88
0,1000,-1.00,7.56
0,1000,-1.00,6.93
0,1000,-1.00,6.80
0,1000,-1.00,7.65
0,1000,-1.00,7.51
0,1000,-1.00,7.97
0,1000,-1.00,8.55
0,1000,-1.00,6.92
0,1000,-1.00,6.47
0,1000,-1.00,6.70
0,1000,-1.00,7.34
0,1000,-1.00,6.67
0,1000,-1.00,7.38
0,1000,-1.00,7.27
0,1000,-1.00,7.23
0,1000,-1.00,6.84
0,1000,-1.00,6.41
0,1000,-1.00,7.21
0,1000,-1.00,7.31
0,1000,-1.00,7.64
0,1000,-1.00,6.71
0,1000,-1.00,7.05
0,1000,-1.00,7.33
0,1000,-1.00,6.93
0,1000,-1.00,7.05
0,1000,-1.00,7.82
0,1000,-1.00,7.30
0,1000,-1.00,7.41
0,1000,-1.00,7.70
0,1000,-1.00,7.83
0,1000,-1.00,6.78
0,1000,-1.00,6.84
0,1000,-1.00,7.38
0,1000,-1.00,6.86
0,1000,-1.00,7.12
0,1000,-1.00,7.32
0,1000,-1.00,7.32
0,1000,-1.00,8.16
0,1000,-1.00,7.40
0,1000,-1.00,7.10
0,1000,-1.00,6.50
0,1000,-1.00,7.04
0,1000,-1.00,7.08
0,1000,-1.00,7.27
0,1000,-1.00,6.94
0,1000,-1.00,6.50
0,1000,-1.00,6.91
0,1000,-1.00,7.30
0,1000,-1.00,7.20
0,1000,-1.00,7.58
0,1000,-1.00,6.51
0,1000,-1.00,6.57
0,1000,-1.00,6.68
0,1000,-1.00,6.47
0,1000,-1.00,6.95
0,1000,-1.00,8.19
0,1000,-1.00,6.80
0,1000,-1.00,7.01
0,1000,-1.00,6.95
0,1000,-1.00,6.99
0,1000,-1.00,7.22
0,1000,-1.00,6.72
0,1000,-1.00,7.23
0,1000,-1.00,7.31
0,1000,-1.00,7.72
0,1000,-1.00,7.46
0,1000,-1.00,7.16
0,1000,-1.00,7.69
1000,0,9.68,-1.00
0,1000,-1.00,8.19
0,1000,-1.00,7.31
0,1000,-1.00,7.46
0,1000,-1.00,6.42
0,1000,-1.00,7.41
0,1000,-1.00,6.98
0,1000,-1.00,7.44
0,1000,-1.00,6.53
0,1000,-1.00,7.59
0,1000,-1.00,6.80
0,1000,-1.00,6.17
0,1000,-1.00,7.27
0,1000,-1.00,6.31
0,1000,-1.00,7.49
0,1000,-1.00,7.05
0,1000,-1.00,7.40
0,1000,-1.00,7.12
0,1000,-1.00,6.55
0,1000,-1.00,7.82
0,1000,-1.00,6.42
0,1000,-1.00,6.95
0,1000,-1.00,6.94
0,1000,-1.00,6.63
0,1000,-1.00,6.96
0,1000,-1.00,7.31
0,1000,-1.00,7.14
0,1000,-1.00,6.97
0,1000,-1.00,7.04
0,1000,-1.00,7.28
0,1000,-1.00,7.12
0,1000,-1.00,7.42
0,1000,-1.00,6.91
0,1000,-1.00,6.86
0,1000,-1.00,6.80
0,1000,-1.00,7.10
0,1000,-1.00,8.70
0,1000,-1.00,7.52
0,1000,-1.00,8.87
0,1000,-1.00,8.70
0,1000,-1.00,6.76
0,1000,-1.00,8.04
0,1000,-1.00,8.74
0,1000,-1.00,8.08
0,1000,-1.00,7.64
0,1000,-1.00,6.67
0,1000,-1.00,7.23
0,1000,-1.00,7.59
0,1000,-1.00,6.96
0,1000,-1.00,6.68
0,1000,-1.00,7.46
0,1000,-1.00,8.01
0,1000,-1.00,6.89
0,1000,-1.00,7.11
0,1000,-1.00,7.19
0,1000,-1.00,7.00
0,1000,-1.00,7.00
0,1000,-1.00,7.19
0,1000,-1.00,6.67
0,1000,-1.00,7.52
0,1000,-1.00,6.91
0,1000,-1.00,6.93
0,1000,-1.00,6.95
0,1000,-1.00,6.79
0,1000,-1.00,7.29
0,1000,-1.00,7.76
0,1000,-1.00,8.03
0,1000,-1.00,7.23
0,1000,-1.00,6.90
0,1000,-1.00,7.92
0,1000,-1.00,6.92
0,1000,-1.00,7.59
0,1000,-1.00,7.44
0,1000,-1.00,7.60
0,1000,-1.00,7.59
0,1000,-1.00,7.15
0,1000,-1.00,7.15
0,1000,-1.00,7.55
0,1000,-1.00,7.05
0,1000,-1.00,7.70
0,1000,-1.00,6.85
0,1000,-1.00,7.42
0,1000,-1.00,7.51
0,1000,-1.00,7.30
0,1000,-1.00,7.39
0,1000,-1.00,7.22
0,1000,-1.00,7.48
0,1000,-1.00,6.54
0,1000,-1.00,7.91
1000,0,11.38,-1.00
0,1000,-1.00,7.47
0,1000,-1.00,6.81
0,1000,-1.00,7.29
0,1000,-1.00,6.90
0,1000,-1.00,7.70
0,1000,-1.00,6.86
0,1000,-1.00,6.94
0,1000,-1.00,7.13
0,1000,-1.00,7.33
0,1000,-1.00,7.76
1000,0,9.26,-1.00
0,1000,-1.00,6.60
0,1000,-1.00,7.27
0,1000,-1.00,7.17
0,1000,-1.00,7.30
0,1000,-1.00,7.49
0,1000,-1.00,6.65
0,1000,-1.00,7.67
0,1000,-1.00,7.37
0,1000,-1.00,6.79
0,1000,-1.00,6.65
0,1000,-1.00,7.25
0,1000,-1.00,6.73
0,1000,-1.00,9.49
0,1000,-1.00,7.48
0,1000,-1.00,6.90
0,1000,-1.00,7.03
0,1000,-1.00,8.04
0,1000,-1.00,8.05
0,1000,-1.00,7.79
0,1000,-1.00,8.89
0,1000,-1.00,7.76
0,1000,-1.00,8.67
0,1000,-1.00,7.06
0,1000,-1.00,8.37
0,1000,-1.00,6.99
0,1000,-1.00,7.43
0,1000,-1.00,7.30
0,1000,-1.00,7.17
0,1000,-1.00,6.60
0,1000,-1.00,7.29
0,1000,-1.00,6.63
0,1000,-1.00,7.86
0,1000,-1.00,6.87
0,1000,-1.00,6.79
0,1000,-1.00,6.66
0,1000,-1.00,7.51
0,1000,-1.00,7.03
0,1000,-1.00,6.68
0,1000,-1.00,7.26
0,1000,-1.00,7.11
0,1000,-1.00,6.77
0,1000,-1.00,8.20
1000,0,9.70,-1.00
0,1000,-1.00,7.47
0,1000,-1.00,6.83
0,1000,-1.00,6.73
0,1000,-1.00,7.23
0,1000,-1.00,7.36
0,1000,-1.00,7.53
0,1000,-1.00,7.13
0,1000,-1.00,7.62
0,1000,-1.00,7.33
0,1000,-1.00,7.48
0,1000,-1.00,6.87
0,1000,-1.00,7.28
0,1000,-1.00,6.63
0,1000,-1.00,7.66
0,1000,-1.00,7.86
0,1000,-1.00,7.17
0,1000,-1.00,7.79
0,1000,-1.00,6.89
0,1000,-1.00,7.13
0,1000,-1.00,7.95
0,1000,-1.00,7.40
0,1000,-1.00,7.06
0,1000,-1.00,7.27
0,1000,-1.00,7.03
0,1000,-1.00,7.21
0,1000,-1.00,6.86
0,1000,-1.00,6.90
0,1000,-1.00,6.81
0,1000,-1.00,6.80
1000,0,9.62,-1.00
0,1000,-1.00,7.03
0,1000,-1.00,7.53
0,1000,-1.00,7.23
0,1000,-1.00,7.22
0,1000,-1.00,6.37
0,1000,-1.00,6.77
0,1000,-1.00,7.14
0,1000,-1.00,7.56
0,1000,-1.00,7.40
0,1000,-1.00,7.77
0,1000,-1.00,6.52
0,1000,-1.00,6.40
0,1000,-1.00,7.07
0,1000,-1.00,7.24
0,1000,-1.00,8.07
0,1000,-1.00,8.23
0,1000,-1.00,7.53
0,1000,-1.00,6.71
0,1000,-1.00,7.48
1000,0,10.11,-1.00
0,1000,-1.00,7.16
0,1000,-1.00,7.29
0,1000,-1.00,7.06
0,1000,-1.00,7.39
0,1000,-1.00,6.84
0,1000,-1.00,6.54
0,1000,-1.00,8.03
0,1000,-1.00,6.65
1000,0,11.28,-1.00
0,1000,-1.00,6.94
0,1000,-1.00,7.14
0,1000,-1.00,7.21
0,1000,-1.00,7.28
0,1000,-1.00,6.53
0,1000,-1.00,8.02
0,1000,-1.00,6.99
0,1000,-1.00,6.86
0,1000,-1.00,8.02
1000,0,8.35,-1.00
0,1000,-1.00,7.26
1000,0,7.20,-1.00
0,1000,-1.00,7.30
0,1000,-1.00,7.25
0,1000,-1.00,6.60
0,1000,-1.00,7.34
0,1000,-1.00,8.22
0,1000,-1.00,6.66
0,1000,-1.00,7.71
0,1000,-1.00,6.71
0,1000,-1.00,8.01
0,1000,-1.00,7.52
0,1000,-1.00,7.31
0,1000,-1.00,7.16
0,1000,-1.00,7.42
0,1000,-1.00,6.96
0,1000,-1.00,6.99
0,1000,-1.00,7.81
0,1000,-1.00,7.41
0,1000,-1.00,6.52
0,1000,-1.00,6.85
0,1000,-1.00,7.20
0,1000,-1.00,6.97
0,1000,-1.00,7.56
0,1000,-1.00,6.67
0,1000,-1.00,7.15
0,1000,-1.00,7.36
0,1000,-1.00,7.04
0,1000,-1.00,7.68
0,1000,-1.00,7.49
0,1000,-1.00,7.22
0,1000,-1.00,7.08
0,1000,-1.00,7.75
0,1000,-1.00,7.39
0,1000,-1.00,6.86
0,1000,-1.00,7.71
0,1000,-1.00,6.56
0,1000,-1.00,7.00
0,1000,-1.00,7.99
0,1000,-1.00,6.91
0,1000,-1.00,6.35
0,1000,-1.00,7.04
0,1000,-1.00,7.11
0,1000,-1.00,8.14
0,1000,-1.00,6.76
0,1000,-1.00,7.50
0,1000,-1.00,7.13
0,1000,-1.00,6.38
0,1000,-1.00,7.26
0,1000,-1.00,7.14
0,1000,-1.00,7.77
0,1000,-1.00,7.21
0,1000,-1.00,6.71
0,1000,-1.00,6.58
0,1000,-1.00,6.76
0,1000,-1.00,6.64
0,1000,-1.00,7.05
0,1000,-1.00,6.74
0,1000,-1.00,6.92
0,1000,-1.00,7.01
0,1000,-1.00,6.54
0,1000,-1.00,8.06
0,1000,-1.00,7.59
0,1000,-1.00,6.78
0,1000,-1.00,6.89
0,1000,-1.00,7.28
0,1000,-1.00,8.01
0,1000,-1.00,7.30
0,1000,-1.00,6.75
0,1000,-1.00,7.43
0,1000,-1.00,6.66
0,1000,-1.00,7.51
0,1000,-1.00,6.96
0,1000,-1.00,6.60
0,1000,-1.00,7.78
0,1000,-1.00,7.32
0,1000,-1.00,6.55
0,1000,-1.00,7.03
0,1000,-1.00,6.79
0,1000,-1.00,7.44
0,1000,-1.00,6.88
0,1000,-1.00,6.99
0,1000,-1.00,7.10
0,1000,-1.00,7.42
0,1000,-1.00,7.01
0,1000,-1.00,6.63
0,1000,-1.00,6.61
0,1000,-1.00,7.43
0,1000,-1.00,6.93
0,1000,-1.00,7.00
0,1000,-1.00,7.74
0,1000,-1.00,7.58
0,1000,-1.00,7.29
0,1000,-1.00,7.72
0,1000,-1.00,6.84
0,1000,-1.00,7.15
0,1000,-1.00,8.38
0,1000,-1.00,6.68
0,1000,-1.00,6.81
0,1000,-1.00,7.02
0,1000,-1.00,7.15
0,1000,-1.00,7.25
0,1000,-1.00,6.89
0,1000,-1.00,7.15
0,1000,-1.00,6.81
0,1000,-1.00,7.00
0,1000,-1.00,7.69
0,1000,-1.00,6.88
0,1000,-1.00,7.25
0,1000,-1.00,7.58
0,1000,-1.00,8.44
0,1000,-1.00,6.88
0,1000,-1.00,7.61
0,1000,-1.00,7.00
0,1000,-1.00,6.78
0,1000,-1.00,8.33
0,1000,-1.00,6.70
0,1000,-1.00,7.54
0,1000,-1.00,8.19
0,1000,-1.00,7.23
0,1000,-1.00,6.95
0,1000,-1.00,7.67
0,1000,-1.00,7.25
0,1000,-1.00,7.57
0,1000,-1.00,7.28
0,1000,-1.00,7.68
0,1000,-1.00,8.05
0,1000,-1.00,7.11
0,1000,-1.00,7.02
0,1000,-1.00,7.13
0,1000,-1.00,7.08
0,1000,-1.00,7.06
0,1000,-1.00,6.57
0,1000,-1.00,6.95
0,1000,-1.00,7.04
0,1000,-1.00,7.38
0,1000,-1.00,7.00
0,1000,-1.00,6.89
0,1000,-1.00,7.36
0,1000,-1.00,7.57
0,1000,-1.00,8.06
0,1000,-1.00,7.03
0,1000,-1.00,6.28
0,1000,-1.00,7.72
0,1000,-1.00,6.68
0,1000,-1.00,7.60
0,1000,-1.00,7.03
0,1000,-1.00,6.89
0,1000,-1.00,6.96
0,1000,-1.00,7.64
0,1000,-1.00,7.36
0,1000,-1.00,6.81
0,1000,-1.00,7.66
0,1000,-1.00,6.68
0,1000,-1.00,6.16
0,1000,-1.00,6.69
0,1000,-1.00,7.58
0,1000,-1.00,6.75
0,1000,-1.00,7.12
0,1000,-1.00,7.65
0,1000,-1.00,6.58
0,1000,-1.00,7.58
0,1000,-1.00,7.01
0,1000,-1.00,7.07
0,1000,-1.00,7.83
0,1000,-1.00,6.86
0,1000,-1.00,6.55
0,1000,-1.00,6.85
0,1000,-1.00,7.33
0,1000,-1.00,6.48
0,1000,-1.00,6.82
0,1000,-1.00,7.44
0,1000,-1.00,7.22
0,1000,-1.00,7.12
0,1000,-1.00,7.54
0,1000,-1.00,6.39
0,1000,-1.00,6.95
0,1000,-1.00,7.93
0,1000,-1.00,7.38
0,1000,-1.00,6.82
0,1000,-1.00,7.51
0,1000,-1.00,7.22
0,1000,-1.00,6.94
0,1000,-1.00,7.65
0,1000,-1.00,6.78
0,1000,-1.00,7.46
0,1000,-1.00,7.56
0,1000,-1.00,7.59
0,1000,-1.00,7.07
0,1000,-1.00,6.61
0,1000,-1.00,6.89
0,1000,-1.00,6.93
0,1000,-1.00,7.19
0,1000,-1.00,6.75
1000,0,9.61,-1.00
0,1000,-1.00,6.90
1000,0,7.78,-1.00
0,1000,-1.00,8.35
0,1000,-1.00,6.91
0,1000,-1.00,8.21
0,1000,-1.00,7.03
0,1000,-1.00,6.82
0,1000,-1.00,7.53
0,1000,-1.00,7.08
0,1000,-1.00,6.71
0,1000,-1.00,7.28
0,1000,-1.00,6.94
0,1000,-1.00,7.68
0,1000,-1.00,7.69
0,1000,-1.00,7.04
0,1000,-1.00,7.15
0,1000,-1.00,6.45
0,1000,-1.00,6.98
0,1000,-1.00,7.00
0,1000,-1.00,6.50
0,1000,-1.00,6.93
0,1000,-1.00,6.79
0,1000,-1.00,6.67
0,1000,-1.00,6.98
0,1000,-1.00,7.42
0,1000,-1.00,6.88
0,1000,-1.00,7.87
0,1000,-1.00,7.76
0,1000,-1.00,6.99
0,1000,-1.00,7.28
0,1000,-1.00,6.67
1000,0,10.21,-1.00
0,1000,-1.00,7.07
0,1000,-1.00,6.71
0,1000,-1.00,6.94
0,1000,-1.00,8.38
0,1000,-1.00,8.36
0,1000,-1.00,6.67
0,1000,-1.00,6.77
0,1000,-1.00,6.94
0,1000,-1.00,7.15
0,1000,-1.00,7.51
0,1000,-1.00,6.83
0,1000,-1.00,7.65
0,1000,-1.00,6.74
0,1000,-1.00,7.73
0,1000,-1.00,6.61
0,1000,-1.00,7.91
0,1000,-1.00,7.07
0,1000,-1.00,6.82
0,1000,-1.00,6.78
0,1000,-1.00,7.34
0,1000,-1.00,7.37
0,1000,-1.00,6.98
0,1000,-1.00,7.32
0,1000,-1.00,8.86
0,1000,-1.00,6.58
0,1000,-1.00,6.95
0,1000,-1.00,6.91
0,1000,-1.00,6.91
0,1000,-1.00,7.15
0,1000,-1.00,6.50
0,1000,-1.00,7.59
0,1000,-1.00,7.69
0,1000,-1.00,6.54
0,1000,-1.00,7.06
0,1000,-1.00,6.72
0,1000,-1.00,7.42
0,1000,-1.00,7.54
0,1000,-1.00,7.45
0,1000,-1.00,7.07
1000,0,7.37,-1.00
0,1000,-1.00,6.85
0,1000,-1.00,7.09
0,1000,-1.00,6.75
0,1000,-1.00,6.96
0,1000,-1.00,6.87
0,1000,-1.00,7.15
0,1000,-1.00,7.23
1000,0,10.16,-1.00
0,1000,-1.00,6.59
0,1000,-1.00,6.78
0,1000,-1.00,7.25
0,1000,-1.00,7.47
0,1000,-1.00,7.25
0,1000,-1.00,8.83
0,1000,-1.00,6.86
0,1000,-1.00,7.55
0,1000,-1.00,6.72
0,1000,-1.00,6.79
0,1000,-1.00,6.67
0,1000,-1.00,7.30
0,1000,-1.00,6.55
0,1000,-1.00,7.54
1000,0,11.05,-1.00
0,1000,-1.00,7.01
0,1000,-1.00,6.64
0,1000,-1.00,7.62
0,1000,-1.00,6.52
0,1000,-1.00,7.17
0,1000,-1.00,6.98
0,1000,-1.00,7.19
0,1000,-1.00,7.00
0,1000,-1.00,7.37
0,1000,-1.00,6.62
0,1000,-1.00,7.35
0,1000,-1.00,6.59
0,1000,-1.00,7.38
0,1000,-1.00,7.43
0,1000,-1.00,7.08
0,1000,-1.00,7.42
0,1000,-1.00,7.70
0,1000,-1.00,7.39
0,1000,-1.00,7.59
0,1000,-1.00,7.46
0,1000,-1.00,6.94
0,1000,-1.00,6.93
0,1000,-1.00,6.88
0,1000,-1.00,6.73
0,1000,-1.00,7.38
0,1000,-1.00,7.72
0,1000,-1.00,7.06
0,1000,-1.00,6.72
0,1000,-1.00,6.88
0,1000,-1.00,6.89
0,1000,-1.00,7.53
0,1000,-1.00,8.55
0,1000,-1.00,7.29
0,1000,-1.00,7.72
0,1000,-1.00,8.13
0,1000,-1.00,6.57
0,1000,-1.00,7.28
0,1000,-1.00,6.72
0,1000,-1.00,6.77
0,1000,-1.00,6.58
0,1000,-1.00,7.93
0,1000,-1.00,7.04
0,1000,-1.00,7.79
0,1000,-1.00,6.78
0,1000,-1.00,6.95
0,1000,-1.00,7.37
0,1000,-1.00,8.25
0,1000,-1.00,7.96
0,1000,-1.00,7.18
0,1000,-1.00,7.54
0,1000,-1.00,6.58
0,1000,-1.00,7.39
0,1000,-1.00,6.97
0,1000,-1.00,6.66
0,1000,-1.00,6.75
0,1000,-1.00,6.58
0,1000,-1.00,6.73
0,1000,-1.00,7.47
0,1000,-1.00,7.23
0,1000,-1.00,7.60
0,1000,-1.00,7.08
0,1000,-1.00,6.62
0,1000,-1.00,6.52
0,1000,-1.00,6.83
0,1000,-1.00,6.35
0,1000,-1.00,7.28
0,1000,-1.00,7.35
0,1000,-1.00,7.20
0,1000,-1.00,7.86
0,1000,-1.00,7.27
0,1000,-1.00,7.06
0,1000,-1.00,7.25
0,1000,-1.00,7.45
0,1000,-1.00,6.87
0,1000,-1.00,6.81
1000,0,10.48,-1.00
0,1000,-1.00,7.58
0,1000,-1.00,6.68
0,1000,-1.00,8.09
0,1000,-1.00,7.38
0,1000,-1.00,7.00
0,1000,-1.00,7.29
0,1000,-1.00,7.67
0,1000,-1.00,7.09
0,1000,-1.00,7.00
0,1000,-1.00,6.54
0,1000,-1.00,6.66
0,1000,-1.00,6.66
0,1000,-1.00,7.09
0,1000,-1.00,6.79
0,1000,-1.00,7.97
0,1000,-1.00,6.51
0,1000,-1.00,7.19
1000,0,10.55,-1.00
0,1000,-1.00,6.89
0,1000,-1.00,6.98
0,1000,-1.00,7.46
0,1000,-1.00,9.78
0,1000,-1.00,7.34
0,1000,-1.00,7.11
0,1000,-1.00,7.55
0,1000,-1.00,7.16
0,1000,-1.00,6.64
1000,0,10.87,-1.00
0,1000,-1.00,7.20
0,1000,-1.00,7.20
0,1000,-1.00,7.45
0,1000,-1.00,7.07
0,1000,-1.00,6.87
0,1000,-1.00,6.94
0,1000,-1.00,6.77
0,1000,-1.00,6.89
0,1000,-1.00,6.84
0,1000,-1.00,8.24
0,1000,-1.00,7.27
0,1000,-1.00,6.78
0,1000,-1.00,7.41
0,1000,-1.00,7.64
0,1000,-1.00,6.82
0,1000,-1.00,7.63
0,1000,-1.00,7.95
0,1000,-1.00,7.61
0,1000,-1.00,7.26
0,1000,-1.00,8.13
0,1000,-1.00,6.92
0,1000,-1.00,7.84
0,1000,-1.00,6.50
0,1000,-1.00,7.43
0,1000,-1.00,6.97
0,1000,-1.00,6.76
0,1000,-1.00,7.24
0,1000,-1.00,7.36
0,1000,-1.00,7.22
0,1000,-1.00,7.62
0,1000,-1.00,7.48
0,1000,-1.00,6.71
0,1000,-1.00,6.74
0,1000,-1.00,6.73
0,1000,-1.00,7.86
0,1000,-1.00,9.13
0,1000,-1.00,7.15
0,1000,-1.00,6.97
0,1000,-1.00,6.54
0,1000,-1.00,6.72
0,1000,-1.00,7.67
0,1000,-1.00,7.04
0,1000,-1.00,7.67
0,1000,-1.00,7.31
0,1000,-1.00,7.95
0,1000,-1.00,6.58
1000,0,9.54,-1.00
0,1000,-1.00,7.99
1000,0,10.57,-1.00
0,1000,-1.00,7.19
0,1000,-1.00,7.58
0,1000,-1.00,7.75
0,1000,-1.00,6.92
1000,0,8.86,-1.00
0,1000,-1.00,7.68
0,1000,-1.00,7.49
0,1000,-1.00,7.63
0,1000,-1.00,7.82
1000,0,11.04,-1.00
0,1000,-1.00,7.19
0,1000,-1.00,9.26
0,1000,-1.00,7.18
0,1000,-1.00,7.61
0,1000,-1.00,6.95
0,1000,-1.00,6.97
0,1000,-1.00,6.85
0,1000,-1.00,6.72
0,1000,-1.00,6.63
0,1000,-1.00,6.82
0,1000,-1.00,6.78
0,1000,-1.00,6.83
0,1000,-1.00,7.68
0,1000,-1.00,6.92
0,1000,-1.00,7.56
0,1000,-1.00,7.30
0,1000,-1.00,7.29
0,1000,-1.00,7.82
0,1000,-1.00,6.63
0,1000,-1.00,7.02
0,1000,-1.00,6.91
0,1000,-1.00,7.06
0,1000,-1.00,7.89
0,1000,-1.00,7.58
0,1000,-1.00,7.04
0,1000,-1.00,6.81
0,1000,-1.00,6.98
0,1000,-1.00,7.21
0,1000,-1.00,7.07
0,1000,-1.00,7.20
0,1000,-1.00,7.65
0,1000,-1.00,9.15
0,1000,-1.00,6.83
0,1000,-1.00,7.10
0,1000,-1.00,7.31
0,1000,-1.00,7.17
0,1000,-1.00,7.28
0,1000,-1.00,6.93
0,1000,-1.00,7.59
0,1000,-1.00,7.44
0,1000,-1.00,6.96
0,1000,-1.00,6.59
0,1000,-1.00,7.29
0,1000,-1.00,7.23
0,1000,-1.00,7.05
0,1000,-1.00,6.95
0,1000,-1.00,8.92
0,1000,-1.00,7.74
0,1000,-1.00,7.45
0,1000,-1.00,7.86
0,1000,-1.00,7.68
0,1000,-1.00,6.92
0,1000,-1.00,6.74
0,1000,-1.00,7.52
0,1000,-1.00,7.17
0,1000,-1.00,7.15
0,1000,-1.00,8.24
0,1000,-1.00,7.33
0,1000,-1.00,7.21
0,1000,-1.00,7.13
0,1000,-1.00,7.09
0,1000,-1.00,7.06
0,1000,-1.00,6.93
0,1000,-1.00,7.12
0,1000,-1.00,6.94
0,1000,-1.00,7.61
0,1000,-1.00,7.04
0,1000,-1.00,6.80
0,1000,-1.00,7.48
0,1000,-1.00,6.43
0,1000,-1.00,7.00
0,1000,-1.00,7.50
0,1000,-1.00,7.97
0,1000,-1.00,7.19
0,1000,-1.00,7.26
0,1000,-1.00,6.90
0,1000,-1.00,8.08
0,1000,-1.00,6.85
0,1000,-1.00,7.13
0,1000,-1.00,7.67
0,1000,-1.00,6.13
0,1000,-1.00,6.62
0,1000,-1.00,7.11
0,1000,-1.00,7.13
0,1000,-1.00,7.29
0,1000,-1.00,7.62
0,1000,-1.00,6.64
0,1000,-1.00,7.12
0,1000,-1.00,7.84
0,1000,-1.00,6.83
0,1000,-1.00,7.38
0,1000,-1.00,8.00
0,1000,-1.00,7.11
0,1000,-1.00,7.32
0,1000,-1.00,7.36
1000,0,10.67,-1.00
0,1000,-1.00,8.39
0,1000,-1.00,7.04
0,1000,-1.00,7.20
0,1000,-1.00,6.49
0,1000,-1.00,6.82
0,1000,-1.00,7.39
0,1000,-1.00,6.71
0,1000,-1.00,6.68
1000,0,9.87,-1.00
0,1000,-1.00,6.78
0,1000,-1.00,6.80
0,1000,-1.00,6.52
0,1000,-1.00,7.12
0,1000,-1.00,6.91
0,1000,-1.00,6.82
0,1000,-1.00,7.10
0,1000,-1.00,6.81
0,1000,-1.00,7.35
0,1000,-1.00,6.57
0,1000,-1.00,7.44
0,1000,-1.00,7.70
0,1000,-1.00,7.66
0,1000,-1.00,7.14
0,1000,-1.00,6.72
0,1000,-1.00,7.00
0,1000,-1.00,7.47
0,1000,-1.00,7.76
1000,0,10.71,-1.00
0,1000,-1.00,7.53
1000,0,9.23,-1.00
0,1000,-1.00,7.43
0,1000,-1.00,6.99
0,1000,-1.00,7.97
0,1000,-1.00,7.19
0,1000,-1.00,6.53
0,1000,-1.00,6.71
0,1000,-1.00,7.16
0,1000,-1.00,6.65
0,1000,-1.00,6.63
0,1000,-1.00,6.26
0,1000,-1.00,7.16
0,1000,-1.00,7.45
0,1000,-1.00,6.61
0,1000,-1.00,6.86
0,1000,-1.00,6.67
0,1000,-1.00,7.28
0,1000,-1.00,8.16
0,1000,-1.00,6.73
0,1000,-1.00,7.37
0,1000,-1.00,7.46
0,1000,-1.00,7.44
0,1000,-1.00,7.63
0,1000,-1.00,7.54
0,1000,-1.00,7.37
0,1000,-1.00,6.80
0,1000,-1.00,7.28
0,1000,-1.00,7.02
0,1000,-1.00,6.90
0,1000,-1.00,7.23
0,1000,-1.00,7.55
0,1000,-1.00,6.73
0,1000,-1.00,7.39
0,1000,-1.00,7.19
0,1000,-1.00,7.41
0,1000,-1.00,6.82
0,1000,-1.00,6.71
0,1000,-1.00,7.33
0,1000,-1.00,7.65
0,1000,-1.00,6.74
0,1000,-1.00,6.79
0,1000,-1.00,6.88
0,1000,-1.00,7.34
0,1000,-1.00,6.71
0,1000,-1.00,7.39
0,1000,-1.00,6.79
0,1000,-1.00,6.95
0,1000,-1.00,7.39
0,1000,-1.00,7.71
0,1000,-1.00,7.06
0,1000,-1.00,7.43
0,1000,-1.00,6.75
0,1000,-1.00,7.13
0,1000,-1.00,6.98
0,1000,-1.00,7.72
0,1000,-1.00,7.59
0,1000,-1.00,7.05
0,1000,-1.00,7.30
0,1000,-1.00,7.03
0,1000,-1.00,7.08
0,1000,-1.00,7.14
0,1000,-1.00,7.13
0,1000,-1.00,6.96
0,1000,-1.00,6.38
0,1000,-1.00,6.64
0,1000,-1.00,7.66
0,1000,-1.00,7.73
0,1000,-1.00,6.61
0,1000,-1.00,6.45
0,1000,-1.00,6.92
0,1000,-1.00,7.13
0,1000,-1.00,6.94
0,1000,-1.00,6.76
0,1000,-1.00,7.55
0,1000,-1.00,6.91
0,1000,-1.00,7.37
1000,0,10.57,-1.00
0,1000,-1.00,7.10
0,1000,-1.00,7.19
0,1000,-1.00,7.83
0,1000,-1.00,7.54
0,1000,-1.00,7.38
1000,0,9.16,-1.00
0,1000,-1.00,7.24
0,1000,-1.00,7.69
0,1000,-1.00,7.98
0,1000,-1.00,7.74
0,1000,-1.00,7.10
0,1000,-1.00,6.53
0,1000,-1.00,6.66
0,1000,-1.00,6.66
0,1000,-1.00,6.96
0,1000,-1.00,7.11
0,1000,-1.00,7.29
0,1000,-1.00,7.82
0,1000,-1.00,7.37
0,1000,-1.00,8.11
0,1000,-1.00,6.89
0,1000,-1.00,6.66
0,1000,-1.00,8.16
0,1000,-1.00,6.71
0,1000,-1.00,7.20
0,1000,-1.00,6.95
0,1000,-1.00,6.58
0,1000,-1.00,6.89
0,1000,-1.00,6.80
0,1000,-1.00,7.37
0,1000,-1.00,6.82
0,1000,-1.00,8.39
0,1000,-1.00,7.66
0,1000,-1.00,7.19
0,1000,-1.00,6.95
0,1000,-1.00,7.19
0,1000,-1.00,7.41
0,1000,-1.00,7.02
0,1000,-1.00,6.60
0,1000,-1.00,7.31
0,1000,-1.00,6.77
0,1000,-1.00,6.96
0,1000,-1.00,7.90
0,1000,-1.00,6.99
0,1000,-1.00,6.73
0,1000,-1.00,6.87
0,1000,-1.00,7.72
0,1000,-1.00,8.22
0,1000,-1.00,7.04
1000,0,9.31,-1.00
0,1000,-1.00,6.56
0,1000,-1.00,6.78
0,1000,-1.00,6.63
0,1000,-1.00,7.42
0,1000,-1.00,7.28
0,1000,-1.00,7.05
0,1000,-1.00,7.47
0,1000,-1.00,6.42
0,1000,-1.00,7.12
0,1000,-1.00,6.75
0,1000,-1.00,6.93
0,1000,-1.00,6.95
0,1000,-1.00,6.59
0,1000,-1.00,7.70
0,1000,-1.00,7.29
0,1000,-1.00,7.59
0,1000,-1.00,7.70
0,1000,-1.00,6.84
0,1000,-1.00,6.89
0,1000,-1.00,6.84
0,1000,-1.00,6.72
0,1000,-1.00,7.17
0,1000,-1.00,7.24
0,1000,-1.00,7.58
0,1000,-1.00,8.34
0,1000,-1.00,7.94
0,1000,-1.00,6.76
0,1000,-1.00,6.73
0,1000,-1.00,7.09
0,1000,-1.00,7.12
0,1000,-1.00,7.42
0,1000,-1.00,7.12
0,1000,-1.00,7.63
0,1000,-1.00,6.90
0,1000,-1.00,7.89
0,1000,-1.00,6.59
0,1000,-1.00,7.24
1000,0,10.31,-1.00
0,1000,-1.00,7.32
0,1000,-1.00,6.78
0,1000,-1.00,6.59
0,1000,-1.00,7.26
0,1000,-1.00,7.67
0,1000,-1.00,8.80
0,1000,-1.00,8.80
0,1000,-1.00,6.95
0,1000,-1.00,7.83
0,1000,-1.00,6.86
0,1000,-1.00,8.30
0,1000,-1.00,7.15
0,1000,-1.00,7.63
0,1000,-1.00,6.30
0,1000,-1.00,7.42
0,1000,-1.00,6.95
0,1000,-1.00,7.86
0,1000,-1.00,6.67
0,1000,-1.00,6.88
0,1000,-1.00,7.22
0,1000,-1.00,8.30
0,1000,-1.00,7.12
0,1000,-1.00,7.42
0,1000,-1.00,7.72
0,1000,-1.00,7.10
0,1000,-1.00,7.80
0,1000,-1.00,6.74
0,1000,-1.00,7.37
0,1000,-1.00,7.66
0,1000,-1.00,6.59
0,1000,-1.00,7.52
0,1000,-1.00,6.41
0,1000,-1.00,7.60
0,1000,-1.00,6.74
0,1000,-1.00,7.00
0,1000,-1.00,7.60
0,1000,-1.00,7.46
0,1000,-1.00,7.29
0,1000,-1.00,7.59
0,1000,-1.00,8.55
0,1000,-1.00,6.30
0,1000,-1.00,6.93
0,1000,-1.00,7.33
0,1000,-1.00,7.42
0,1000,-1.00,6.87
0,1000,-1.00,7.34
0,1000,-1.00,7.99
0,1000,-1.00,7.68
0,1000,-1.00,7.30
0,1000,-1.00,8.40
0,1000,-1.00,6.81
0,1000,-1.00,7.60
0,1000,-1.00,6.92
0,1000,-1.00,6.68
0,1000,-1.00,7.34
0,1000,-1.00,7.68
0,1000,-1.00,6.83
0,1000,-1.00,7.63
0,1000,-1.00,7.64
0,1000,-1.00,7.29
0,1000,-1.00,7.18
0,1000,-1.00,6.89
0,1000,-1.00,7.51
0,1000,-1.00,7.45
0,1000,-1.00,7.55
1000,0,8.14,-1.00
0,1000,-1.00,6.90
0,1000,-1.00,7.16
1000,0,9.89,-1.00
0,1000,-1.00,7.49
0,1000,-1.00,6.54
0,1000,-1.00,7.10
0,1000,-1.00,6.68
0,1000,-1.00,7.74
0,1000,-1.00,7.28
0,1000,-1.00,7.09
0,1000,-1.00,7.41
0,1000,-1.00,7.01
0,1000,-1.00,6.97
0,1000,-1.00,7.01
0,1000,-1.00,7.97
0,1000,-1.00,7.13
0,1000,-1.00,7.59
0,1000,-1.00,7.22
0,1000,-1.00,7.24
0,1000,-1.00,7.84
0,1000,-1.00,7.38
0,1000,-1.00,7.12
0,1000,-1.00,7.07
0,1000,-1.00,7.00
0,1000,-1.00,6.54
0,1000,-1.00,7.77
0,1000,-1.00,7.51
0,1000,-1.00,7.76
0,1000,-1.00,7.11
0,1000,-1.00,7.43
1000,0,9.02,-1.00
0,1000,-1.00,7.13
0,1000,-1.00,7.13
0,1000,-1.00,7.38
0,1000,-1.00,8.10
0,1000,-1.00,6.90
0,1000,-1.00,7.38
0,1000,-1.00,7.21
0,1000,-1.00,6.37
0,1000,-1.00,7.97
0,1000,-1.00,6.49
0,1000,-1.00,6.88
0,1000,-1.00,7.40
0,1000,-1.00,7.79
0,1000,-1.00,6.74
0,1000,-1.00,7.20
0,1000,-1.00,6.59
0,1000,-1.00,8.00
0,1000,-1.00,7.11
0,1000,-1.00,7.30
0,1000,-1.00,7.48
0,1000,-1.00,7.60
0,1000,-1.00,7.96
0,1000,-1.00,7.08
0,1000,-1.00,6.94
0,1000,-1.00,7.47
0,1000,-1.00,7.56
0,1000,-1.00,8.33
0,1000,-1.00,7.19
0,1000,-1.00,8.66
0,1000,-1.00,6.74
0,1000,-1.00,6.45
0,1000,-1.00,6.48
0,1000,-1.00,6.67
0,1000,-1.00,7.12
0,1000,-1.00,7.44
0,1000,-1.00,7.17
0,1000,-1.00,7.58
0,1000,-1.00,7.74
0,1000,-1.00,8.27
1000,0,9.06,-1.00
0,1000,-1.00,7.67
0,1000,-1.00,6.56
0,1000,-1.00,7.96
0,1000,-1.00,8.54
1000,0,11.81,-1.00
0,1000,-1.00,7.06
0,1000,-1.00,6.91
0,1000,-1.00,7.17
0,1000,-1.00,7.15
0,1000,-1.00,7.09
0,1000,-1.00,7.14
0,1000,-1.00,7.19
0,1000,-1.00,7.40
0,1000,-1.00,7.18
0,1000,-1.00,7.21
0,1000,-1.00,7.42
0,1000,-1.00,7.09
0,1000,-1.00,7.48
0,1000,-1.00,6.96
0,1000,-1.00,6.74
0,1000,-1.00,7.47
0,1000,-1.00,6.87
0,1000,-1.00,6.80
0,1000,-1.00,8.08
0,1000,-1.00,6.67
0,1000,-1.00,7.57
0,1000,-1.00,8.11
0,1000,-1.00,6.61
0,1000,-1.00,7.43
0,1000,-1.00,7.44
0,1000,-1.00,6.91
1000,0,10.60,-1.00
0,1000,-1.00,7.16
0,1000,-1.00,7.90
0,1000,-1.00,7.23
0,1000,-1.00,7.34
0,1000,-1.00,6.70
0,1000,-1.00,6.51
0,1000,-1.00,6.95
0,1000,-1.00,6.96
0,1000,-1.00,7.61
0,1000,-1.00,8.01
0,1000,-1.00,7.60
0,1000,-1.00,6.93
0,1000,-1.00,6.86
0,1000,-1.00,7.70
0,1000,-1.00,8.28
0,1000,-1.00,7.46
0,1000,-1.00,7.18
0,1000,-1.00,7.15
0,1000,-1.00,7.68
0,1000,-1.00,7.36
0,1000,-1.00,7.82
0,1000,-1.00,7.88
0,1000,-1.00,6.76
0,1000,-1.00,7.45
0,1000,-1.00,6.94
0,1000,-1.00,8.02
0,1000,-1.00,7.47
0,1000,-1.00,7.24
0,1000,-1.00,6.84
0,1000,-1.00,7.44
0,1000,-1.00,7.04
0,1000,-1.00,6.91
0,1000,-1.00,7.12
0,1000,-1.00,7.01
0,1000,-1.00,6.96
0,1000,-1.00,7.66
0,1000,-1.00,7.34
0,1000,-1.00,7.49
0,1000,-1.00,6.87
0,1000,-1.00,7.20
0,1000,-1.00,7.77
0,1000,-1.00,6.82
0,1000,-1.00,6.96
0,1000,-1.00,7.22
0,1000,-1.00,6.62
0,1000,-1.00,7.28
0,1000,-1.00,7.55
0,1000,-1.00,7.91
1000,0,9.21,-1.00
0,1000,-1.00,6.74
0,1000,-1.00,7.86
0,1000,-1.00,7.09
0,1000,-1.00,6.63
0,1000,-1.00,7.05
0,1000,-1.00,7.44
0,1000,-1.00,7.70
0,1000,-1.00,6.97
0,1000,-1.00,6.56
0,1000,-1.00,7.02
0,1000,-1.00,8.02
0,1000,-1.00,7.19
0,1000,-1.00,6.94
0,1000,-1.00,7.34
0,1000,-1.00,6.94
0,1000,-1.00,7.40
0,1000,-1.00,6.82
0,1000,-1.00,7.29
0,1000,-1.00,6.86
0,1000,-1.00,7.41
0,1000,-1.00,7.86
0,1000,-1.00,8.23
0,1000,-1.00,6.60
0,1000,-1.00,7.17
0,1000,-1.00,7.11
0,1000,-1.00,6.22
0,1000,-1.00,7.36
0,1000,-1.00,8.54
0,1000,-1.00,6.99
0,1000,-1.00,6.58
0,1000,-1.00,6.88
0,1000,-1.00,7.07
0,1000,-1.00,7.22
0,1000,-1.00,6.81
0,1000,-1.00,7.20
0,1000,-1.00,7.22
0,1000,-1.00,7.11
0,1000,-1.00,8.16
0,1000,-1.00,6.43
0,1000,-1.00,7.55
0,1000,-1.00,7.09
0,1000,-1.00,6.76
0,1000,-1.00,7.38
0,1000,-1.00,7.24
0,1000,-1.00,7.32
0,1000,-1.00,6.73
0,1000,-1.00,7.12
0,1000,-1.00,6.92
0,1000,-1.00,7.43
0,1000,-1.00,7.01
0,1000,-1.00,8.49
0,1000,-1.00,6.72
0,1000,-1.00,7.10
0,1000,-1.00,6.87
0,1000,-1.00,7.88
0,1000,-1.00,7.42
0,1000,-1.00,6.57
0,1000,-1.00,6.55
0,1000,-1.00,6.74
0,1000,-1.00,7.03
0,1000,-1.00,7.36
0,1000,-1.00,8.10
0,1000,-1.00,6.72
0,1000,-1.00,7.16
0,1000,-1.00,6.70
0,1000,-1.00,6.97
0,1000,-1.00,7.16
0,1000,-1.00,7.89
0,1000,-1.00,8.14
0,1000,-1.00,7.79
0,1000,-1.00,6.48
0,1000,-1.00,7.17
0,1000,-1.00,6.99
0,1000,-1.00,7.10
0,1000,-1.00,7.71
0,1000,-1.00,6.74
0,1000,-1.00,7.64
0,1000,-1.00,6.68
0,1000,-1.00,7.01
0,1000,-1.00,7.17
0,1000,-1.00,7.12
0,1000,-1.00,7.26
0,1000,-1.00,6.34
0,1000,-1.00,7.09
0,1000,-1.00,6.63
0,1000,-1.00,7.05
0,1000,-1.00,6.31
0,1000,-1.00,7.60
0,1000,-1.00,6.63
0,1000,-1.00,6.73
0,1000,-1.00,9.04
1000,0,9.85,-1.00
0,1000,-1.00,7.05
0,1000,-1.00,7.72
0,1000,-1.00,7.18
0,1000,-1.00,7.33
0,1000,-1.00,7.97
0,1000,-1.00,6.69
0,1000,-1.00,8.13
0,1000,-1.00,6.99
0,1000,-1.00,6.90
0,1000,-1.00,7.36
0,1000,-1.00,7.05
0,1000,-1.00,7.13
0,1000,-1.00,7.59
0,1000,-1.00,7.11
0,1000,-1.00,7.37
0,1000,-1.00,7.20
0,1000,-1.00,7.27
0,1000,-1.00,6.83
0,1000,-1.00,6.98
0,1000,-1.00,6.64
0,1000,-1.00,6.86
0,1000,-1.00,7.12
0,1000,-1.00,7.49
0,1000,-1.00,7.34
0,1000,-1.00,7.42
0,1000,-1.00,6.66
0,1000,-1.00,7.81
0,1000,-1.00,6.68
0,1000,-1.00,7.77
0,1000,-1.00,6.68
0,1000,-1.00,6.80
0,1000,-1.00,7.18
0,1000,-1.00,6.66
0,1000,-1.00,7.18
0,1000,-1.00,6.89
0,1000,-1.00,6.55
0,1000,-1.00,6.80
0,1000,-1.00,7.18
0,1000,-1.00,7.42
0,1000,-1.00,6.76
1000,0,10.68,-1.00
0,1000,-1.00,7.00
0,1000,-1.00,9.46
0,1000,-1.00,7.28
0,1000,-1.00,6.85
0,1000,-1.00,6.82
0,1000,-1.00,7.25
0,1000,-1.00,6.86
0,1000,-1.00,6.84
0,1000,-1.00,6.91
0,1000,-1.00,6.88
0,1000,-1.00,7.24
0,1000,-1.00,6.96
0,1000,-1.00,7.95
0,1000,-1.00,7.78
0,1000,-1.00,7.28
0,1000,-1.00,7.00
0,1000,-1.00,6.78
0,1000,-1.00,7.07
0,1000,-1.00,7.40
0,1000,-1.00,7.01
0,1000,-1.00,6.96
0,1000,-1.00,8.19
0,1000,-1.00,7.62
1000,0,10.30,-1.00
0,1000,-1.00,7.30
0,1000,-1.00,6.93
0,1000,-1.00,7.72
0,1000,-1.00,7.33
0,1000,-1.00,7.08
0,1000,-1.00,6.54
0,1000,-1.00,7.13
0,1000,-1.00,6.85
0,1000,-1.00,6.79
0,1000,-1.00,6.95
0,1000,-1.00,7.02
0,1000,-1.00,6.82
0,1000,-1.00,7.36
0,1000,-1.00,7.44
0,1000,-1.00,6.93
0,1000,-1.00,7.12
0,1000,-1.00,7.19
0,1000,-1.00,7.76
0,1000,-1.00,7.00
0,1000,-1.00,7.57
0,1000,-1.00,6.68
0,1000,-1.00,7.23
0,1000,-1.00,7.01
0,1000,-1.00,7.60
0,1000,-1.00,6.74
0,1000,-1.00,7.57
0,1000,-1.00,7.16
0,1000,-1.00,6.75
0,1000,-1.00,7.17
0,1000,-1.00,6.37
0,1000,-1.00,6.94
0,1000,-1.00,7.19
0,1000,-1.00,7.27
0,1000,-1.00,7.33
0,1000,-1.00,6.94
0,1000,-1.00,6.69
0,1000,-1.00,6.88
0,1000,-1.00,7.00
0,1000,-1.00,7.11
0,1000,-1.00,7.39
0,1000,-1.00,7.49
0,1000,-1.00,7.56
0,1000,-1.00,7.17
0,1000,-1.00,6.84
0,1000,-1.00,7.42
0,1000,-1.00,7.40
0,1000,-1.00,6.95
0,1000,-1.00,6.71
0,1000,-1.00,7.39
0,1000,-1.00,7.97
0,1000,-1.00,7.20
0,1000,-1.00,6.70
0,1000,-1.00,7.42
0,1000,-1.00,7.03
0,1000,-1.00,7.07
0,1000,-1.00,6.59
0,1000,-1.00,7.55
0,1000,-1.00,6.55
0,1000,-1.00,6.89
0,1000,-1.00,6.72
0,1000,-1.00,6.95
0,1000,-1.00,7.38
0,1000,-1.00,7.24
1000,0,8.70,-1.00
0,1000,-1.00,6.61
0,1000,-1.00,7.21
0,1000,-1.00,6.79
0,1000,-1.00,6.84
0,1000,-1.00,6.84
0,1000,-1.00,6.38
0,1000,-1.00,7.02
0,1000,-1.00,8.12
0,1000,-1.00,7.50
0,1000,-1.00,6.95
0,1000,-1.00,7.29
0,1000,-1.00,7.38
0,1000,-1.00,7.50
0,1000,-1.00,7.66
0,1000,-1.00,7.23
0,1000,-1.00,7.68
0,1000,-1.00,7.24
0,1000,-1.00,6.90
0,1000,-1.00,6.94
0,1000,-1.00,7.39
0,1000,-1.00,7.21
0,1000,-1.00,7.03
0,1000,-1.00,7.56
0,1000,-1.00,7.00
0,1000,-1.00,8.18
0,1000,-1.00,6.80
0,1000,-1.00,6.69
0,1000,-1.00,6.97
0,1000,-1.00,6.64
0,1000,-1.00,7.66
0,1000,-1.00,7.17
0,1000,-1.00,6.99
0,1000,-1.00,6.85
0,1000,-1.00,7.77
0,1000,-1.00,6.61
0,1000,-1.00,7.57
0,1000,-1.00,7.95
0,1000,-1.00,7.93
0,1000,-1.00,7.03
0,1000,-1.00,7.52
0,1000,-1.00,7.06
0,1000,-1.00,6.76
0,1000,-1.00,6.40
0,1000,-1.00,7.60
0,1000,-1.00,7.35
0,1000,-1.00,6.67
0,1000,-1.00,6.85
0,1000,-1.00,6.80
0,1000,-1.00,7.31
0,1000,-1.00,7.49
0,1000,-1.00,7.18
0,1000,-1.00,6.68
0,1000,-1.00,6.89
0,1000,-1.00,7.16
0,1000,-1.00,7.26
0,1000,-1.00,6.94
0,1000,-1.00,7.21
0,1000,-1.00,6.51
0,1000,-1.00,7.03
0,1000,-1.00,7.02
0,1000,-1.00,7.29
0,1000,-1.00,7.21
0,1000,-1.00,7.41
0,1000,-1.00,7.29
0,1000,-1.00,7.36
0,1000,-1.00,6.85
0,1000,-1.00,7.43
1000,0,10.49,-1.00
0,1000,-1.00,6.95
0,1000,-1.00,7.21
0,1000,-1.00,7.80
0,1000,-1.00,6.74
0,1000,-1.00,7.44
0,1000,-1.00,7.11
0,1000,-1.00,7.95
0,1000,-1.00,6.59
0,1000,-1.00,6.99
0,1000,-1.00,6.41
0,1000,-1.00,7.52
0,1000,-1.00,7.63
0,1000,-1.00,7.15
0,1000,-1.00,7.14
0,1000,-1.00,7.60
0,1000,-1.00,6.89
0,1000,-1.00,7.07
0,1000,-1.00,7.05
0,1000,-1.00,7.26
0,1000,-1.00,6.70
0,1000,-1.00,7.83
0,1000,-1.00,7.04
1000,0,11.24,-1.00
0,1000,-1.00,7.34
0,1000,-1.00,7.07
0,1000,-1.00,7.56
0,1000,-1.00,7.67
0,1000,-1.00,6.94
0,1000,-1.00,6.83
1000,0,10.19,-1.00
0,1000,-1.00,6.88
0,1000,-1.00,7.96
0,1000,-1.00,6.42
0,1000,-1.00,7.12
0,1000,-1.00,6.74
0,1000,-1.00,6.99
0,1000,-1.00,6.80
0,1000,-1.00,7.18
0,1000,-1.00,7.65
0,1000,-1.00,7.42
0,1000,-1.00,6.28
0,1000,-1.00,7.17
0,1000,-1.00,6.82
0,1000,-1.00,8.57
0,1000,-1.00,7.53
0,1000,-1.00,6.54
0,1000,-1.00,6.76
0,1000,-1.00,7.00
0,1000,-1.00,6.95
0,1000,-1.00,7.64
0,1000,-1.00,7.00
0,1000,-1.00,7.83
0,1000,-1.00,7.66
0,1000,-1.00,7.32
1000,0,9.25,-1.00
0,1000,-1.00,7.26
0,1000,-1.00,7.29
1000,0,9.74,-1.00
0,1000,-1.00,7.20
0,1000,-1.00,6.78
0,1000,-1.00,7.42
0,1000,-1.00,6.92
1000,0,11.11,-1.00
0,1000,-1.00,7.53
0,1000,-1.00,7.09
0,1000,-1.00,7.53
0,1000,-1.00,6.88
0,1000,-1.00,6.80
0,1000,-1.00,7.60
0,1000,-1.00,7.43
0,1000,-1.00,7.08
0,1000,-1.00,6.97
0,1000,-1.00,7.17
0,1000,-1.00,7.20
0,1000,-1.00,6.75
0,1000,-1.00,6.78
0,1000,-1.00,7.25
0,1000,-1.00,7.17
0,1000,-1.00,7.73
0,1000,-1.00,7.38
0,1000,-1.00,7.89
0,1000,-1.00,7.50
0,1000,-1.00,7.03
0,1000,-1.00,7.96
0,1000,-1.00,6.69
0,1000,-1.00,6.94
0,1000,-1.00,7.35
0,1000,-1.00,6.58
0,1000,-1.00,7.10
0,1000,-1.00,7.08
0,1000,-1.00,9.05
0,1000,-1.00,7.12
0,1000,-1.00,7.15
0,1000,-1.00,7.54
0,1000,-1.00,6.70
0,1000,-1.00,6.71
0,1000,-1.00,6.75
0,1000,-1.00,6.69
0,1000,-1.00,7.07
0,1000,-1.00,8.15
0,1000,-1.00,7.41
0,1000,-1.00,6.68
0,1000,-1.00,6.89
0,1000,-1.00,7.22
0,1000,-1.00,8.04
0,1000,-1.00,6.81
0,1000,-1.00,6.95
0,1000,-1.00,6.98
0,1000,-1.00,7.72
0,1000,-1.00,6.55
0,1000,-1.00,6.76
0,1000,-1.00,9.53
0,1000,-1.00,6.91
0,1000,-1.00,7.16
0,1000,-1.00,6.87
0,1000,-1.00,7.04
0,1000,-1.00,7.32
0,1000,-1.00,7.06
0,1000,-1.00,7.88
0,1000,-1.00,7.48
0,1000,-1.00,7.19
0,1000,-1.00,6.99
0,1000,-1.00,7.27
0,1000,-1.00,6.68
0,1000,-1.00,7.95
0,1000,-1.00,8.16
0,1000,-1.00,7.00
0,1000,-1.00,6.85
0,1000,-1.00,7.35
0,1000,-1.00,6.77
0,1000,-1.00,7.29
0,1000,-1.00,7.63
0,1000,-1.00,7.18
0,1000,-1.00,7.38
0,1000,-1.00,6.56
0,1000,-1.00,6.54
0,1000,-1.00,7.68
0,1000,-1.00,7.49
0,1000,-1.00,9.14
0,1000,-1.00,7.01
0,1000,-1.00,6.70
0,1000,-1.00,7.72
0,1000,-1.00,7.06
0,1000,-1.00,7.37
0,1000,-1.00,6.80
0,1000,-1.00,7.54
0,1000,-1.00,6.79
0,1000,-1.00,7.30
0,1000,-1.00,6.95
0,1000,-1.00,6.99
0,1000,-1.00,7.27
0,1000,-1.00,6.98
0,1000,-1.00,8.24
0,1000,-1.00,6.57
0,1000,-1.00,6.88
0,1000,-1.00,7.98
0,1000,-1.00,6.71
0,1000,-1.00,6.94
0,1000,-1.00,7.51
0,1000,-1.00,7.41
0,1000,-1.00,7.63
0,1000,-1.00,7.07
0,1000,-1.00,7.26
0,1000,-1.00,6.61
0,1000,-1.00,6.85
0,1000,-1.00,6.65
0,1000,-1.00,8.55
0,1000,-1.00,6.53
0,1000,-1.00,7.09
0,1000,-1.00,7.40
0,1000,-1.00,7.08
0,1000,-1.00,7.13
0,1000,-1.00,7.34
0,1000,-1.00,8.08
0,1000,-1.00,7.28
0,1000,-1.00,7.17
0,1000,-1.00,6.83
0,1000,-1.00,6.78
0,1000,-1.00,7.07
0,1000,-1.00,7.25
0,1000,-1.00,7.21
0,1000,-1.00,7.06
0,1000,-1.00,6.86
0,1000,-1.00,6.90
0,1000,-1.00,6.95
0,1000,-1.00,7.11
0,1000,-1.00,7.96
0,1000,-1.00,7.28
0,1000,-1.00,6.85
0,1000,-1.00,6.41
0,1000,-1.00,7.06
0,1000,-1.00,7.49
0,1000,-1.00,7.06
0,1000,-1.00,8.41
0,1000,-1.00,6.90
0,1000,-1.00,6.63
0,1000,-1.00,7.34
0,1000,-1.00,7.05
0,1000,-1.00,7.08
0,1000,-1.00,7.05
0,1000,-1.00,7.60
0,1000,-1.00,6.93
0,1000,-1.00,7.16
0,1000,-1.00,8.23
0,1000,-1.00,7.36
0,1000,-1.00,8.04
0,1000,-1.00,7.55
0,1000,-1.00,7.55
0,1000,-1.00,6.38
0,1000,-1.00,6.66
0,1000,-1.00,7.16
0,1000,-1.00,8.17
0,1000,-1.00,6.95
0,1000,-1.00,7.71
0,1000,-1.00,6.92
1000,0,10.11,-1.00
0,1000,-1.00,7.66
0,1000,-1.00,6.69
0,1000,-1.00,7.04
0,1000,-1.00,7.12
0,1000,-1.00,7.28
0,1000,-1.00,7.13
0,1000,-1.00,7.81
0,1000,-1.00,8.43
0,1000,-1.00,6.71
0,1000,-1.00,7.62
0,1000,-1.00,7.15
0,1000,-1.00,6.61
0,1000,-1.00,7.11
0,1000,-1.00,7.89
0,1000,-1.00,7.07
0,1000,-1.00,8.17
0,1000,-1.00,6.93
0,1000,-1.00,7.16
0,1000,-1.00,6.84
0,1000,-1.00,8.22
0,1000,-1.00,6.79
0,1000,-1.00,6.47
0,1000,-1.00,6.97
0,1000,-1.00,8.74
0,1000,-1.00,6.88
0,1000,-1.00,7.05
0,1000,-1.00,6.91
0,1000,-1.00,7.33
0,1000,-1.00,6.89
0,1000,-1.00,6.96
0,1000,-1.00,7.13
0,1000,-1.00,7.41
0,1000,-1.00,6.93
0,1000,-1.00,7.57
0,1000,-1.00,6.80
0,1000,-1.00,7.97
0,1000,-1.00,6.82
0,1000,-1.00,7.08
0,1000,-1.00,7.10
0,1000,-1.00,6.77
0,1000,-1.00,7.20
0,1000,-1.00,8.80
0,1000,-1.00,8.88
0,1000,-1.00,7.44
0,1000,-1.00,8.06
0,1000,-1.00,7.12
0,1000,-1.00,7.93
0,1000,-1.00,7.24
0,1000,-1.00,7.20
0,1000,-1.00,6.51
0,1000,-1.00,8.28
0,1000,-1.00,7.10
0,1000,-1.00,7.13
0,1000,-1.00,7.26
0,1000,-1.00,6.40
0,1000,-1.00,7.76
0,1000,-1.00,7.06
0,1000,-1.00,6.84
0,1000,-1.00,6.61
0,1000,-1.00,6.68
0,1000,-1.00,7.32
0,1000,-1.00,6.52
0,1000,-1.00,8.76
0,1000,-1.00,7.37
0,1000,-1.00,9.44
0,1000,-1.00,7.23
0,1000,-1.00,6.70
0,1000,-1.00,6.96
0,1000,-1.00,6.90
0,1000,-1.00,7.77
0,1000,-1.00,6.97
0,1000,-1.00,6.91
0,1000,-1.00,6.96
0,1000,-1.00,7.36
0,1000,-1.00,7.20
0,1000,-1.00,7.82
0,1000,-1.00,7.57
0,1000,-1.00,7.10
0,1000,-1.00,7.32
0,1000,-1.00,7.42
0,1000,-1.00,6.71
0,1000,-1.00,6.87
0,1000,-1.00,7.11
0,1000,-1.00,7.28
0,1000,-1.00,6.69
0,1000,-1.00,7.77
0,1000,-1.00,6.64
0,1000,-1.00,6.57
0,1000,-1.00,7.06
0,1000,-1.00,6.79
0,1000,-1.00,7.15
0,1000,-1.00,7.16
0,1000,-1.00,6.81
0,1000,-1.00,7.66
0,1000,-1.00,6.83
0,1000,-1.00,7.58
0,1000,-1.00,6.81
0,1000,-1.00,7.59
0,1000,-1.00,7.16
0,1000,-1.00,7.20
0,1000,-1.00,6.79
0,1000,-1.00,7.28
0,1000,-1.00,8.10
0,1000,-1.00,7.25
0,1000,-1.00,6.80
0,1000,-1.00,9.10
0,1000,-1.00,7.24
0,1000,-1.00,6.92
0,1000,-1.00,7.78
0,1000,-1.00,7.01
1000,0,11.20,-1.00
0,1000,-1.00,7.48
0,1000,-1.00,6.80
0,1000,-1.00,7.49
0,1000,-1.00,7.21
0,1000,-1.00,7.22
0,1000,-1.00,7.15
0,1000,-1.00,7.31
0,1000,-1.00,7.53
0,1000,-1.00,6.91
0,1000,-1.00,6.46
0,1000,-1.00,6.98
0,1000,-1.00,6.95
0,1000,-1.00,7.28
0,1000,-1.00,7.53
0,1000,-1.00,6.86
0,1000,-1.00,7.11
0,1000,-1.00,7.75
0,1000,-1.00,7.65
0,1000,-1.00,7.11
0,1000,-1.00,7.40
0,1000,-1.00,7.04
0,1000,-1.00,7.12
0,1000,-1.00,7.42
0,1000,-1.00,7.96
0,1000,-1.00,8.06
0,1000,-1.00,7.09
0,1000,-1.00,7.10
0,1000,-1.00,6.49
0,1000,-1.00,7.33
0,1000,-1.00,6.88
0,1000,-1.00,7.86
0,1000,-1.00,6.91
0,1000,-1.00,7.45
0,1000,-1.00,7.72
0,1000,-1.00,6.93
0,1000,-1.00,6.92
0,1000,-1.00,7.53
0,1000,-1.00,6.86
0,1000,-1.00,7.86
0,1000,-1.00,8.00
0,1000,-1.00,7.30
0,1000,-1.00,7.10
0,1000,-1.00,7.11
0,1000,-1.00,8.34
0,1000,-1.00,7.26
0,1000,-1.00,7.59
0,1000,-1.00,6.52
0,1000,-1.00,7.06
0,1000,-1.00,8.23
0,1000,-1.00,6.59
0,1000,-1.00,7.19
0,1000,-1.00,6.86
0,1000,-1.00,7.23
0,1000,-1.00,8.99
0,1000,-1.00,7.60
0,1000,-1.00,7.07
0,1000,-1.00,6.91
0,1000,-1.00,6.94
0,1000,-1.00,7.20
0,1000,-1.00,7.43
0,1000,-1.00,7.35
0,1000,-1.00,6.83
0,1000,-1.00,6.77
0,1000,-1.00,7.04
0,1000,-1.00,6.98
0,1000,-1.00,7.64
0,1000,-1.00,7.49
0,1000,-1.00,7.95
0,1000,-1.00,8.25
0,1000,-1.00,7.02
0,1000,-1.00,6.65
0,1000,-1.00,7.32
0,1000,-1.00,7.14
0,1000,-1.00,6.72
0,1000,-1.00,7.07
0,1000,-1.00,7.02
0,1000,-1.00,6.60
0,1000,-1.00,10.32
0,1000,-1.00,7.35
0,1000,-1.00,6.62
0,1000,-1.00,7.20
0,1000,-1.00,7.50
0,1000,-1.00,7.48
0,1000,-1.00,8.42
0,1000,-1.00,7.29
0,1000,-1.00,7.60
0,1000,-1.00,7.60
0,1000,-1.00,6.78
0,1000,-1.00,7.32
0,1000,-1.00,8.44
0,1000,-1.00,7.80
0,1000,-1.00,7.18
0,1000,-1.00,7.14
0,1000,-1.00,7.35
0,1000,-1.00,7.19
0,1000,-1.00,6.99
0,1000,-1.00,7.12
0,1000,-1.00,6.80
0,1000,-1.00,7.51
0,1000,-1.00,7.09
0,1000,-1.00,6.49
0,1000,-1.00,6.61
0,1000,-1.00,7.20
0,1000,-1.00,7.61
0,1000,-1.00,6.52
0,1000,-1.00,7.05
0,1000,-1.00,6.92
0,1000,-1.00,7.66
0,1000,-1.00,7.88
0,1000,-1.00,7.85
0,1000,-1.00,6.39
0,1000,-1.00,7.66
0,1000,-1.00,7.01
0,1000,-1.00,7.00
0,1000,-1.00,6.75
0,1000,-1.00,7.37
0,1000,-1.00,6.54
0,1000,-1.00,6.70
0,1000,-1.00,6.94
0,1000,-1.00,7.19
0,1000,-1.00,7.33
0,1000,-1.00,6.97
0,1000,-1.00,8.05
0,1000,-1.00,7.72
0,1000,-1.00,7.88
0,1000,-1.00,6.59
0,1000,-1.00,7.03
0,1000,-1.00,7.03
0,1000,-1.00,7.94
0,1000,-1.00,7.18
0,1000,-1.00,6.90
0,1000,-1.00,6.69
0,1000,-1.00,6.89
0,1000,-1.00,6.82
0,1000,-1.00,6.83
0,1000,-1.00,6.95
0,1000,-1.00,6.69
0,1000,-1.00,6.91
0,1000,-1.00,8.03
0,1000,-1.00,8.27
0,1000,-1.00,7.78
0,1000,-1.00,7.34
0,1000,-1.00,8.00
0,1000,-1.00,6.60
0,1000,-1.00,7.01
0,1000,-1.00,7.58
0,1000,-1.00,7.18
0,1000,-1.00,7.11
0,1000,-1.00,6.96
0,1000,-1.00,7.16
0,1000,-1.00,7.13
0,1000,-1.00,8.51
0,1000,-1.00,6.90
0,1000,-1.00,7.33
0,1000,-1.00,7.70
0,1000,-1.00,6.97
0,1000,-1.00,7.77
0,1000,-1.00,7.20
0,1000,-1.00,6.54
0,1000,-1.00,7.16
0,1000,-1.00,7.44
0,1000,-1.00,6.92
0,1000,-1.00,6.48
0,1000,-1.00,9.34
0,1000,-1.00,7.31
0,1000,-1.00,6.95
0,1000,-1.00,6.89
0,1000,-1.00,9.25
0,1000,-1.00,6.86
1000,0,7.82,-1.00
0,1000,-1.00,6.80
0,1000,-1.00,7.01
0,1000,-1.00,6.81
0,1000,-1.00,6.75
0,1000,-1.00,6.54
0,1000,-1.00,7.35
0,1000,-1.00,7.57
0,1000,-1.00,7.00
0,1000,-1.00,6.93
0,1000,-1.00,7.22
1000,0,11.36,-1.00
0,1000,-1.00,7.09
0,1000,-1.00,6.96
0,1000,-1.00,8.76
0,1000,-1.00,7.27
0,1000,-1.00,8.07
0,1000,-1.00,7.59
0,1000,-1.00,6.87
0,1000,-1.00,8.86
0,1000,-1.00,7.43
0,1000,-1.00,6.85
0,1000,-1.00,7.46
0,1000,-1.00,7.25
0,1000,-1.00,6.82
0,1000,-1.00,7.10
1000,0,8.37,-1.00
0,1000,-1.00,7.44
0,1000,-1.00,6.84
0,1000,-1.00,6.99
0,1000,-1.00,6.86
0,1000,-1.00,7.71
0,1000,-1.00,7.05
0,1000,-1.00,7.01
0,1000,-1.00,6.98
0,1000,-1.00,6.51
0,1000,-1.00,7.07
0,1000,-1.00,7.78
0,1000,-1.00,7.26
0,1000,-1.00,7.94
0,1000,-1.00,6.53
0,1000,-1.00,6.66
0,1000,-1.00,7.45
0,1000,-1.00,6.93
0,1000,-1.00,6.98
1000,0,9.79,-1.00
0,1000,-1.00,7.75
0,1000,-1.00,6.82
0,1000,-1.00,7.75
0,1000,-1.00,6.73
0,1000,-1.00,10.40
0,1000,-1.00,6.78
0,1000,-1.00,6.87
0,1000,-1.00,7.14
0,1000,-1.00,7.57
1000,0,9.00,-1.00
0,1000,-1.00,7.20
0,1000,-1.00,7.01
0,1000,-1.00,6.76
0,1000,-1.00,7.36
0,1000,-1.00,6.97
0,1000,-1.00,7.98
0,1000,-1.00,6.86
0,1000,-1.00,6.87
0,1000,-1.00,7.26
0,1000,-1.00,7.79
0,1000,-1.00,7.65
0,1000,-1.00,6.69
0,1000,-1.00,7.80
0,1000,-1.00,6.98
0,1000,-1.00,7.95
0,1000,-1.00,6.90
0,1000,-1.00,6.83
0,1000,-1.00,6.71
0,1000,-1.00,7.34
1000,0,10.20,-1.00
0,1000,-1.00,6.93
0,1000,-1.00,7.17
0,1000,-1.00,7.17
0,1000,-1.00,8.09
0,1000,-1.00,6.47
0,1000,-1.00,6.90
0,1000,-1.00,6.98
0,1000,-1.00,7.45
0,1000,-1.00,7.61
0,1000,-1.00,7.35
0,1000,-1.00,7.14
0,1000,-1.00,6.50
0,1000,-1.00,7.42
0,1000,-1.00,7.40
0,1000,-1.00,6.58
0,1000,-1.00,6.70
0,1000,-1.00,6.97
0,1000,-1.00,6.64
0,1000,-1.00,7.42
0,1000,-1.00,6.54
0,1000,-1.00,6.74
0,1000,-1.00,6.74
0,1000,-1.00,6.71
0,1000,-1.00,6.77
0,1000,-1.00,7.03
0,1000,-1.00,7.75
0,1000,-1.00,9.03
0,1000,-1.00,6.78
0,1000,-1.00,6.95
0,1000,-1.00,7.30
0,1000,-1.00,7.68
0,1000,-1.00,6.97
1000,0,7.82,-1.00
0,1000,-1.00,7.25
0,1000,-1.00,6.61
0,1000,-1.00,7.88
0,1000,-1.00,7.18
0,1000,-1.00,9.76
0,1000,-1.00,8.32
0,1000,-1.00,7.98
0,1000,-1.00,8.11
0,1000,-1.00,7.61
0,1000,-1.00,6.99
0,1000,-1.00,7.46
0,1000,-1.00,7.20
0,1000,-1.00,6.81
0,1000,-1.00,7.47
0,1000,-1.00,7.41
0,1000,-1.00,6.98
0,1000,-1.00,7.17
0,1000,-1.00,7.13
0,1000,-1.00,7.23
0,1000,-1.00,7.71
0,1000,-1.00,6.57
0,1000,-1.00,6.82
0,1000,-1.00,7.74
0,1000,-1.00,7.39
0,1000,-1.00,6.52
0,1000,-1.00,7.30
0,1000,-1.00,7.60
0,1000,-1.00,7.17
0,1000,-1.00,8.12
0,1000,-1.00,7.35
0,1000,-1.00,6.51
0,1000,-1.00,6.67
0,1000,-1.00,7.00
0,1000,-1.00,6.95
0,1000,-1.00,6.57
0,1000,-1.00,7.57
0,1000,-1.00,7.07
0,1000,-1.00,7.70
0,1000,-1.00,7.12
0,1000,-1.00,6.95
0,1000,-1.00,7.01
0,1000,-1.00,6.97
0,1000,-1.00,7.62
0,1000,-1.00,7.22
0,1000,-1.00,7.02
0,1000,-1.00,8.47
0,1000,-1.00,6.76
0,1000,-1.00,6.90
0,1000,-1.00,7.65
0,1000,-1.00,6.14
0,1000,-1.00,6.64
0,1000,-1.00,8.28
0,1000,-1.00,7.37
0,1000,-1.00,9.18
0,1000,-1.00,8.08
0,1000,-1.00,7.35
0,1000,-1.00,6.56
0,1000,-1.00,6.86
0,1000,-1.00,7.22
0,1000,-1.00,7.93
0,1000,-1.00,7.81
1000,0,7.75,-1.00
0,1000,-1.00,6.82
0,1000,-1.00,7.28
0,1000,-1.00,7.00
0,1000,-1.00,7.14
0,1000,-1.00,7.19
0,1000,-1.00,7.57
0,1000,-1.00,7.14
0,1000,-1.00,7.14
0,1000,-1.00,7.89
0,1000,-1.00,7.11
0,1000,-1.00,7.48
0,1000,-1.00,7.39
0,1000,-1.00,7.74
0,1000,-1.00,7.07
0,1000,-1.00,6.56
0,1000,-1.00,6.99
0,1000,-1.00,7.34
0,1000,-1.00,7.71
0,1000,-1.00,7.66
0,1000,-1.00,6.41
0,1000,-1.00,7.18
0,1000,-1.00,7.42
0,1000,-1.00,6.80
0,1000,-1.00,7.15
0,1000,-1.00,6.91
0,1000,-1.00,7.48
0,1000,-1.00,6.92
0,1000,-1.00,7.62
0,1000,-1.00,7.15
0,1000,-1.00,7.80
0,1000,-1.00,8.86
0,1000,-1.00,6.79
0,1000,-1.00,7.04
0,1000,-1.00,7.87
0,1000,-1.00,6.84
0,1000,-1.00,7.35
0,1000,-1.00,7.18
0,1000,-1.00,7.58
0,1000,-1.00,6.71
0,1000,-1.00,6.56
0,1000,-1.00,8.80
0,1000,-1.00,6.73
0,1000,-1.00,7.00
0,1000,-1.00,7.20
0,1000,-1.00,7.46
0,1000,-1.00,7.43
0,1000,-1.00,7.05
0,1000,-1.00,6.30
0,1000,-1.00,7.16
0,1000,-1.00,7.23
0,1000,-1.00,7.96
0,1000,-1.00,7.60
0,1000,-1.00,6.62
0,1000,-1.00,6.58
0,1000,-1.00,6.61
0,1000,-1.00,7.62
0,1000,-1.00,7.02
0,1000,-1.00,6.70
0,1000,-1.00,7.64
0,1000,-1.00,7.50
0,1000,-1.00,7.22
0,1000,-1.00,7.30
0,1000,-1.00,7.60
0,1000,-1.00,6.78
0,1000,-1.00,7.07
0,1000,-1.00,7.17
0,1000,-1.00,7.22
0,1000,-1.00,7.67
0,1000,-1.00,7.56
0,1000,-1.00,6.70
0,1000,-1.00,7.76
0,1000,-1.00,6.88
0,1000,-1.00,7.91
0,1000,-1.00,6.83
0,1000,-1.00,8.25
0,1000,-1.00,6.52
0,1000,-1.00,6.37
0,1000,-1.00,7.95
0,1000,-1.00,8.81
0,1000,-1.00,7.54
0,1000,-1.00,8.40
0,1000,-1.00,8.29
0,1000,-1.00,7.39
0,1000,-1.00,6.84
0,1000,-1.00,7.24
0,1000,-1.00,6.94
0,1000,-1.00,6.67
0,1000,-1.00,7.61
0,1000,-1.00,7.91
0,1000,-1.00,7.07
0,1000,-1.00,6.66
0,1000,-1.00,7.36
0,1000,-1.00,7.66
0,1000,-1.00,6.95
0,1000,-1.00,7.19
0,1000,-1.00,7.32
0,1000,-1.00,7.47
0,1000,-1.00,6.59
0,1000,-1.00,7.10
0,1000,-1.00,7.43
0,1000,-1.00,7.40
0,1000,-1.00,7.85
0,1000,-1.00,7.93
0,1000,-1.00,7.07
0,1000,-1.00,6.73
0,1000,-1.00,6.65
0,1000,-1.00,7.15
0,1000,-1.00,6.77
0,1000,-1.00,8.40
0,1000,-1.00,6.62
0,1000,-1.00,6.69
0,1000,-1.00,7.49
1000,0,9.46,-1.00
0,1000,-1.00,7.00
0,1000,-1.00,7.58
0,1000,-1.00,6.05
0,1000,-1.00,6.84
0,1000,-1.00,8.57
0,1000,-1.00,6.61
0,1000,-1.00,7.80
0,1000,-1.00,7.36
0,1000,-1.00,6.81
1000,0,8.40,-1.00
0,1000,-1.00,7.03
0,1000,-1.00,7.66
0,1000,-1.00,6.77
0,1000,-1.00,6.99
0,1000,-1.00,7.36
0,1000,-1.00,6.92
0,1000,-1.00,7.11
0,1000,-1.00,7.27
0,1000,-1.00,6.74
0,1000,-1.00,7.55
0,1000,-1.00,6.43
0,1000,-1.00,6.74
0,1000,-1.00,6.36
0,1000,-1.00,7.52
0,1000,-1.00,6.74
0,1000,-1.00,7.55
0,1000,-1.00,6.46
0,1000,-1.00,7.29
0,1000,-1.00,7.73
0,1000,-1.00,8.46
0,1000,-1.00,6.59
0,1000,-1.00,7.00
0,1000,-1.00,7.66
0,1000,-1.00,6.70
0,1000,-1.00,6.71
0,1000,-1.00,6.57
0,1000,-1.00,7.49
0,1000,-1.00,6.67
0,1000,-1.00,6.55
0,1000,-1.00,7.15
0,1000,-1.00,7.24
0,1000,-1.00,8.73
0,1000,-1.00,6.73
0,1000,-1.00,7.01
0,1000,-1.00,7.51
0,1000,-1.00,7.87
0,1000,-1.00,7.59
0,1000,-1.00,8.16
0,1000,-1.00,6.92
0,1000,-1.00,6.64
0,1000,-1.00,9.20
0,1000,-1.00,7.67
0,1000,-1.00,8.53
0,1000,-1.00,6.98
0,1000,-1.00,6.73
0,1000,-1.00,7.65
1000,0,10.37,-1.00
0,1000,-1.00,7.56
0,1000,-1.00,6.90
0,1000,-1.00,6.94
0,1000,-1.00,7.66
0,1000,-1.00,7.22
0,1000,-1.00,6.76
0,1000,-1.00,6.31
1000,0,9.95,-1.00
0,1000,-1.00,7.07
0,1000,-1.00,7.56
0,1000,-1.00,7.10
0,1000,-1.00,6.98
0,1000,-1.00,7.11
0,1000,-1.00,8.30
0,1000,-1.00,6.37
0,1000,-1.00,7.05
0,1000,-1.00,7.47
0,1000,-1.00,7.10
0,1000,-1.00,7.68
0,1000,-1.00,7.25
0,1000,-1.00,7.38
0,1000,-1.00,7.22
0,1000,-1.00,6.65
0,1000,-1.00,7.05
0,1000,-1.00,8.76
0,1000,-1.00,6.58
0,1000,-1.00,6.90
0,1000,-1.00,7.48
0,1000,-1.00,7.07
0,1000,-1.00,7.68
0,1000,-1.00,7.91
0,1000,-1.00,7.80
0,1000,-1.00,7.68
0,1000,-1.00,7.29
0,1000,-1.00,7.16
1000,0,8.72,-1.00
0,1000,-1.00,6.91
0,1000,-1.00,8.35
0,1000,-1.00,7.59
0,1000,-1.00,7.21
0,1000,-1.00,7.06
0,1000,-1.00,7.40
0,1000,-1.00,7.26
0,1000,-1.00,7.61
0,1000,-1.00,6.96
0,1000,-1.00,7.80
0,1000,-1.00,7.19
0,1000,-1.00,7.28
0,1000,-1.00,6.87
0,1000,-1.00,6.98
0,1000,-1.00,6.74
0,1000,-1.00,7.16
0,1000,-1.00,7.05
0,1000,-1.00,6.80
0,1000,-1.00,7.00
0,1000,-1.00,7.35
0,1000,-1.00,7.46
0,1000,-1.00,6.95
0,1000,-1.00,7.17
0,1000,-1.00,7.33
0,1000,-1.00,7.40
0,1000,-1.00,6.87
0,1000,-1.00,6.95
0,1000,-1.00,7.24
0,1000,-1.00,7.52
0,1000,-1.00,8.91
0,1000,-1.00,6.80
0,1000,-1.00,7.47
0,1000,-1.00,7.51
0,1000,-1.00,7.59
0,1000,-1.00,7.07
0,1000,-1.00,6.79
0,1000,-1.00,8.04
0,1000,-1.00,7.60
0,1000,-1.00,6.89
0,1000,-1.00,8.02
0,1000,-1.00,8.08
0,1000,-1.00,6.63
0,1000,-1.00,6.79
0,1000,-1.00,7.63
0,1000,-1.00,6.88
0,1000,-1.00,7.08
0,1000,-1.00,6.93
0,1000,-1.00,7.24
0,1000,-1.00,6.89
0,1000,-1.00,7.37
0,1000,-1.00,7.51
0,1000,-1.00,7.16
0,1000,-1.00,7.76
0,1000,-1.00,7.67
0,1000,-1.00,6.73
0,1000,-1.00,8.59
0,1000,-1.00,7.05
0,1000,-1.00,7.54
0,1000,-1.00,7.46
0,1000,-1.00,7.14
0,1000,-1.00,7.08
0,1000,-1.00,6.43
0,1000,-1.00,7.05
0,1000,-1.00,6.57
0,1000,-1.00,7.68
0,1000,-1.00,7.82
0,1000,-1.00,6.71
0,1000,-1.00,7.58
0,1000,-1.00,7.59
0,1000,-1.00,7.66
0,1000,-1.00,6.87
0,1000,-1.00,7.04
0,1000,-1.00,6.57
0,1000,-1.00,7.50
0,1000,-1.00,7.67
0,1000,-1.00,7.05
0,1000,-1.00,6.53
0,1000,-1.00,7.37
0,1000,-1.00,6.99
0,1000,-1.00,6.84
0,1000,-1.00,7.96
0,1000,-1.00,8.18
0,1000,-1.00,6.89
0,1000,-1.00,7.57
0,1000,-1.00,6.99
0,1000,-1.00,7.52
1000,0,10.09,-1.00
0,1000,-1.00,6.65
0,1000,-1.00,7.32
0,1000,-1.00,7.08
0,1000,-1.00,7.70
0,1000,-1.00,8.26
0,1000,-1.00,7.36
0,1000,-1.00,7.11
0,1000,-1.00,8.44
0,1000,-1.00,6.97
0,1000,-1.00,8.64
0,1000,-1.00,8.31
0,1000,-1.00,6.79
0,1000,-1.00,7.86
0,1000,-1.00,6.92
0,1000,-1.00,7.28
0,1000,-1.00,7.17
0,1000,-1.00,6.91
0,1000,-1.00,7.69
0,1000,-1.00,8.84
0,1000,-1.00,7.15
0,1000,-1.00,7.27
0,1000,-1.00,7.41
0,1000,-1.00,7.09
0,1000,-1.00,7.21
0,1000,-1.00,7.38
0,1000,-1.00,7.18
0,1000,-1.00,7.43
0,1000,-1.00,7.33
0,1000,-1.00,7.70
0,1000,-1.00,7.46
0,1000,-1.00,6.50
0,1000,-1.00,6.98
0,1000,-1.00,7.87
0,1000,-1.00,7.55
0,1000,-1.00,7.39
0,1000,-1.00,7.94
0,1000,-1.00,6.83
0,1000,-1.00,6.82
0,1000,-1.00,6.91
0,1000,-1.00,7.26
0,1000,-1.00,7.09
0,1000,-1.00,6.33
0,1000,-1.00,8.11
0,1000,-1.00,7.89
0,1000,-1.00,6.91
0,1000,-1.00,8.01
0,1000,-1.00,7.03
0,1000,-1.00,6.99
0,1000,-1.00,6.91
0,1000,-1.00,6.88
0,1000,-1.00,7.92
0,1000,-1.00,7.75
0,1000,-1.00,7.42
0,1000,-1.00,6.96
0,1000,-1.00,6.47
0,1000,-1.00,7.27
0,1000,-1.00,7.99
0,1000,-1.00,7.74
0,1000,-1.00,6.91
0,1000,-1.00,6.63
0,1000,-1.00,7.20
0,1000,-1.00,7.05
0,1000,-1.00,6.67
0,1000,-1.00,6.86
0,1000,-1.00,7.06
0,1000,-1.00,7.08
0,1000,-1.00,7.70
0,1000,-1.00,6.84
0,1000,-1.00,6.88
0,1000,-1.00,7.75
0,1000,-1.00,8.52
0,1000,-1.00,7.26
0,1000,-1.00,7.34
0,1000,-1.00,7.63
0,1000,-1.00,7.03
0,1000,-1.00,6.58
1000,0,7.72,-1.00
0,1000,-1.00,7.16
0,1000,-1.00,7.62
0,1000,-1.00,6.59
0,1000,-1.00,7.60
0,1000,-1.00,6.93
0,1000,-1.00,6.95
0,1000,-1.00,7.31
0,1000,-1.00,6.75
0,1000,-1.00,7.88
0,1000,-1.00,7.12
0,1000,-1.00,7.30
0,1000,-1.00,7.57
0,1000,-1.00,7.35
0,1000,-1.00,6.50
0,1000,-1.00,7.20
0,1000,-1.00,8.20
0,1000,-1.00,6.93
0,1000,-1.00,7.84
0,1000,-1.00,7.66
1000,0,10.08,-1.00
0,1000,-1.00,6.99
0,1000,-1.00,7.53
0,1000,-1.00,7.29
0,1000,-1.00,7.32
0,1000,-1.00,6.43
0,1000,-1.00,7.26
0,1000,-1.00,7.24
0,1000,-1.00,6.51
1000,0,11.77,-1.00
0,1000,-1.00,7.37
0,1000,-1.00,7.39
0,1000,-1.00,7.56
0,1000,-1.00,6.71
0,1000,-1.00,7.24
0,1000,-1.00,8.52
0,1000,-1.00,7.10
0,1000,-1.00,6.87
0,1000,-1.00,7.54
0,1000,-1.00,9.61
0,1000,-1.00,8.14
0,1000,-1.00,7.27
0,1000,-1.00,6.98
0,1000,-1.00,6.99
0,1000,-1.00,6.70
0,1000,-1.00,7.44
0,1000,-1.00,8.00
0,1000,-1.00,7.05
0,1000,-1.00,7.81
0,1000,-1.00,7.00
0,1000,-1.00,6.67
0,1000,-1.00,7.44
0,1000,-1.00,6.80
0,1000,-1.00,7.10
0,1000,-1.00,7.03
0,1000,-1.00,7.63
0,1000,-1.00,7.02
0,1000,-1.00,7.12
0,1000,-1.00,6.92
0,1000,-1.00,6.96
0,1000,-1.00,8.05
0,1000,-1.00,7.03
0,1000,-1.00,7.48
0,1000,-1.00,6.92
0,1000,-1.00,6.86
0,1000,-1.00,7.06
0,1000,-1.00,6.87
0,1000,-1.00,6.88
0,1000,-1.00,7.88
0,1000,-1.00,7.85
0,1000,-1.00,6.79
0,1000,-1.00,7.41
0,1000,-1.00,7.45
0,1000,-1.00,7.58
0,1000,-1.00,6.51
0,1000,-1.00,7.18
0,1000,-1.00,7.04
0,1000,-1.00,6.71
0,1000,-1.00,7.46
0,1000,-1.00,6.66
0,1000,-1.00,7.08
0,1000,-1.00,6.75
0,1000,-1.00,6.93
0,1000,-1.00,7.28
0,1000,-1.00,7.01
0,1000,-1.00,8.95
0,1000,-1.00,7.50
0,1000,-1.00,8.23
0,1000,-1.00,6.45
0,1000,-1.00,6.50
0,1000,-1.00,6.74
0,1000,-1.00,6.87
0,1000,-1.00,6.83
0,1000,-1.00,7.22
0,1000,-1.00,7.68
0,1000,-1.00,6.79
0,1000,-1.00,6.92
0,1000,-1.00,7.12
0,1000,-1.00,7.39
0,1000,-1.00,7.00
0,1000,-1.00,7.20
0,1000,-1.00,7.75
1000,0,10.08,-1.00
0,1000,-1.00,8.11
0,1000,-1.00,7.61
0,1000,-1.00,6.91
1000,0,9.94,-1.00
0,1000,-1.00,8.12
0,1000,-1.00,7.24
0,1000,-1.00,7.15
0,1000,-1.00,7.11
0,1000,-1.00,7.75
0,1000,-1.00,6.88
0,1000,-1.00,7.11
0,1000,-1.00,6.97
0,1000,-1.00,7.70
0,1000,-1.00,7.90
0,1000,-1.00,7.07
0,1000,-1.00,7.51
0,1000,-1.00,7.25
0,1000,-1.00,6.62
0,1000,-1.00,7.50
0,1000,-1.00,6.26
0,1000,-1.00,7.23
0,1000,-1.00,6.98
0,1000,-1.00,6.60
0,1000,-1.00,7.89
0,1000,-1.00,6.94
0,1000,-1.00,7.82
0,1000,-1.00,7.79
0,1000,-1.00,7.96
0,1000,-1.00,7.54
0,1000,-1.00,7.23
0,1000,-1.00,6.96
0,1000,-1.00,6.57
0,1000,-1.00,6.87
0,1000,-1.00,7.61
0,1000,-1.00,7.17
0,1000,-1.00,6.67
0,1000,-1.00,6.78
0,1000,-1.00,7.32
0,1000,-1.00,6.97
0,1000,-1.00,7.27
0,1000,-1.00,7.12
0,1000,-1.00,8.25
0,1000,-1.00,6.55
0,1000,-1.00,8.24
0,1000,-1.00,7.50
0,1000,-1.00,7.83
0,1000,-1.00,9.30
0,1000,-1.00,6.93
0,1000,-1.00,6.50
0,1000,-1.00,7.57
0,1000,-1.00,7.49
0,1000,-1.00,7.10
0,1000,-1.00,7.19
0,1000,-1.00,7.12
0,1000,-1.00,7.80
0,1000,-1.00,6.76
0,1000,-1.00,6.83
0,1000,-1.00,6.99
0,1000,-1.00,7.62
0,1000,-1.00,7.31
0,1000,-1.00,7.23
0,1000,-1.00,6.73
0,1000,-1.00,6.99
0,1000,-1.00,6.85
0,1000,-1.00,6.39
0,1000,-1.00,7.32
0,1000,-1.00,8.32
0,1000,-1.00,6.93
0,1000,-1.00,7.57
0,1000,-1.00,6.93
0,1000,-1.00,7.43
0,1000,-1.00,7.03
0,1000,-1.00,7.30
0,1000,-1.00,7.06
0,1000,-1.00,7.02
0,1000,-1.00,7.86
0,1000,-1.00,7.82
0,1000,-1.00,7.27
0,1000,-1.00,6.52
0,1000,-1.00,6.75
0,1000,-1.00,7.09
0,1000,-1.00,7.29
0,1000,-1.00,6.68
0,1000,-1.00,6.86
0,1000,-1.00,6.35
0,1000,-1.00,7.59
0,1000,-1.00,7.28
0,1000,-1.00,6.46
0,1000,-1.00,7.73
0,1000,-1.00,7.67
0,1000,-1.00,8.26
0,1000,-1.00,7.66
0,1000,-1.00,7.78
0,1000,-1.00,6.91
0,1000,-1.00,7.05
0,1000,-1.00,7.31
0,1000,-1.00,6.86
0,1000,-1.00,7.28
1000,0,9.56,-1.00
0,1000,-1.00,6.68
0,1000,-1.00,6.96
0,1000,-1.00,6.82
0,1000,-1.00,7.07
0,1000,-1.00,7.82
0,1000,-1.00,7.33
0,1000,-1.00,7.30
0,1000,-1.00,7.40
0,1000,-1.00,7.60
1000,0,7.72,-1.00
0,1000,-1.00,7.18
0,1000,-1.00,7.68
0,1000,-1.00,7.40
0,1000,-1.00,7.26
1000,0,8.32,-1.00
0,1000,-1.00,7.21
0,1000,-1.00,6.44
0,1000,-1.00,7.60
0,1000,-1.00,6.77
0,1000,-1.00,6.64
0,1000,-1.00,7.25
0,1000,-1.00,7.44
0,1000,-1.00,7.22
1000,0,8.77,-1.00
0,1000,-1.00,7.12
0,1000,-1.00,8.03
0,1000,-1.00,7.09
0,1000,-1.00,7.24
0,1000,-1.00,7.43
0,1000,-1.00,6.89
0,1000,-1.00,7.10
0,1000,-1.00,7.63
0,1000,-1.00,6.97
0,1000,-1.00,9.27
0,1000,-1.00,7.53
0,1000,-1.00,8.13
1000,0,8.51,-1.00
0,1000,-1.00,6.56
0,1000,-1.00,6.87
0,1000,-1.00,7.00
0,1000,-1.00,8.42
0,1000,-1.00,7.41
0,1000,-1.00,6.86
0,1000,-1.00,7.22
1000,0,8.51,-1.00
0,1000,-1.00,7.42
0,1000,-1.00,7.32
0,1000,-1.00,7.08
0,1000,-1.00,7.89
0,1000,-1.00,7.35
0,1000,-1.00,7.60
0,1000,-1.00,7.28
0,1000,-1.00,7.17
0,1000,-1.00,6.98
0,1000,-1.00,7.49
0,1000,-1.00,7.39
0,1000,-1.00,7.07
0,1000,-1.00,7.06
0,1000,-1.00,9.34
0,1000,-1.00,6.64
0,1000,-1.00,7.78
0,1000,-1.00,7.48
0,1000,-1.00,6.90
0,1000,-1.00,6.71
0,1000,-1.00,7.01
0,1000,-1.00,7.08
0,1000,-1.00,6.97
0,1000,-1.00,7.16
0,1000,-1.00,7.33
0,1000,-1.00,7.44
0,1000,-1.00,6.96
0,1000,-1.00,6.58
0,1000,-1.00,6.53
0,1000,-1.00,6.80
0,1000,-1.00,6.56
0,1000,-1.00,7.30
0,1000,-1.00,7.09
0,1000,-1.00,6.28
0,1000,-1.00,8.06
0,1000,-1.00,7.27
0,1000,-1.00,7.21
0,1000,-1.00,7.26
0,1000,-1.00,7.73
0,1000,-1.00,7.40
0,1000,-1.00,6.65
0,1000,-1.00,6.57
0,1000,-1.00,6.78
0,1000,-1.00,6.38
0,1000,-1.00,7.23
0,1000,-1.00,7.52
0,1000,-1.00,8.38
0,1000,-1.00,7.47
0,1000,-1.00,6.63
0,1000,-1.00,6.48
0,1000,-1.00,8.20
0,1000,-1.00,7.23
0,1000,-1.00,6.80
0,1000,-1.00,7.08
0,1000,-1.00,6.82
0,1000,-1.00,7.01
0,1000,-1.00,6.51
0,1000,-1.00,6.86
0,1000,-1.00,7.17
0,1000,-1.00,7.13
1000,0,7.54,-1.00
0,1000,-1.00,7.00
0,1000,-1.00,7.49
0,1000,-1.00,6.85
0,1000,-1.00,7.90
0,1000,-1.00,7.35
0,1000,-1.00,7.32
0,1000,-1.00,7.31
0,1000,-1.00,6.98
0,1000,-1.00,7.18
0,1000,-1.00,6.73
0,1000,-1.00,7.32
0,1000,-1.00,7.34
1000,0,11.57,-1.00
0,1000,-1.00,7.43
0,1000,-1.00,6.91
0,1000,-1.00,7.11
0,1000,-1.00,6.63
0,1000,-1.00,7.09
0,1000,-1.00,7.07
0,1000,-1.00,9.35
0,1000,-1.00,7.52
0,1000,-1.00,7.26
0,1000,-1.00,7.27
0,1000,-1.00,7.64
0,1000,-1.00,6.92
0,1000,-1.00,6.41
0,1000,-1.00,6.78
0,1000,-1.00,7.13
0,1000,-1.00,7.30
0,1000,-1.00,7.67
0,1000,-1.00,7.14
0,1000,-1.00,7.18
0,1000,-1.00,6.86
1000,0,10.88,-1.00
0,1000,-1.00,6.77
0,1000,-1.00,6.67
0,1000,-1.00,7.02
0,1000,-1.00,7.47
0,1000,-1.00,7.68
0,1000,-1.00,7.50
0,1000,-1.00,7.30
0,1000,-1.00,6.93
0,1000,-1.00,6.60
0,1000,-1.00,6.78
0,1000,-1.00,6.91
0,1000,-1.00,6.95
0,1000,-1.00,7.62
0,1000,-1.00,7.24
0,1000,-1.00,6.81
0,1000,-1.00,7.62
0,1000,-1.00,6.91
0,1000,-1.00,7.16
0,1000,-1.00,6.95
0,1000,-1.00,6.68
0,1000,-1.00,7.08
0,1000,-1.00,7.02
0,1000,-1.00,6.80
0,1000,-1.00,7.67
0,1000,-1.00,6.68
0,1000,-1.00,7.49
0,1000,-1.00,7.52
0,1000,-1.00,7.78
0,1000,-1.00,7.01
0,1000,-1.00,7.64
0,1000,-1.00,7.30
0,1000,-1.00,6.88
0,1000,-1.00,7.79
0,1000,-1.00,7.18
0,1000,-1.00,6.97
0,1000,-1.00,8.57
0,1000,-1.00,7.51
0,1000,-1.00,7.65
0,1000,-1.00,6.56
0,1000,-1.00,7.13
0,1000,-1.00,6.91
0,1000,-1.00,6.78
0,1000,-1.00,6.74
0,1000,-1.00,6.63
0,1000,-1.00,7.11
0,1000,-1.00,6.91
0,1000,-1.00,7.62
0,1000,-1.00,8.56
0,1000,-1.00,7.70
0,1000,-1.00,6.35
0,1000,-1.00,8.44
0,1000,-1.00,7.02
0,1000,-1.00,7.48
0,1000,-1.00,8.89
0,1000,-1.00,7.24
0,1000,-1.00,7.02
0,1000,-1.00,7.26
0,1000,-1.00,7.91
0,1000,-1.00,6.86
0,1000,-1.00,6.62
1000,0,9.24,-1.00
0,1000,-1.00,7.34
0,1000,-1.00,7.17
0,1000,-1.00,7.64
0,1000,-1.00,6.93
0,1000,-1.00,7.03
0,1000,-1.00,7.01
0,1000,-1.00,7.21
0,1000,-1.00,7.59
0,1000,-1.00,6.92
0,1000,-1.00,6.69
0,1000,-1.00,8.28
0,1000,-1.00,6.60
0,1000,-1.00,7.39
0,1000,-1.00,7.06
0,1000,-1.00,7.37
0,1000,-1.00,7.20
0,1000,-1.00,6.93
0,1000,-1.00,7.14
0,1000,-1.00,6.51
0,1000,-1.00,6.72
0,1000,-1.00,7.36
0,1000,-1.00,6.75
0,1000,-1.00,7.75
0,1000,-1.00,6.58
0,1000,-1.00,7.49
0,1000,-1.00,7.03
0,1000,-1.00,8.87
0,1000,-1.00,7.28
0,1000,-1.00,7.47
0,1000,-1.00,7.01
0,1000,-1.00,6.99
0,1000,-1.00,7.49
0,1000,-1.00,8.46
0,1000,-1.00,6.86
0,1000,-1.00,7.70
0,1000,-1.00,7.56
0,1000,-1.00,7.90
0,1000,-1.00,8.49
0,1000,-1.00,6.88
0,1000,-1.00,7.23
0,1000,-1.00,7.68
0,1000,-1.00,7.69
0,1000,-1.00,7.28
0,1000,-1.00,6.51
0,1000,-1.00,7.69
0,1000,-1.00,8.46
0,1000,-1.00,6.77
0,1000,-1.00,7.00
0,1000,-1.00,7.20
0,1000,-1.00,7.80
0,1000,-1.00,6.55
0,1000,-1.00,7.41
0,1000,-1.00,7.18
0,1000,-1.00,7.70
0,1000,-1.00,7.49
0,1000,-1.00,6.81
0,1000,-1.00,6.90
0,1000,-1.00,7.30
0,1000,-1.00,6.91
0,1000,-1.00,6.90
0,1000,-1.00,6.52
0,1000,-1.00,7.70
0,1000,-1.00,7.86
0,1000,-1.00,7.38
0,1000,-1.00,7.03
0,1000,-1.00,6.98
0,1000,-1.00,7.18
0,1000,-1.00,5.95
0,1000,-1.00,8.18
0,1000,-1.00,6.82
0,1000,-1.00,6.71
0,1000,-1.00,7.54
0,1000,-1.00,6.69
0,1000,-1.00,7.59
1000,0,9.24,-1.00
0,1000,-1.00,6.70
0,1000,-1.00,6.53
0,1000,-1.00,6.51
0,1000,-1.00,7.13
0,1000,-1.00,7.05
0,1000,-1.00,7.02
0,1000,-1.00,7.24
0,1000,-1.00,7.40
0,1000,-1.00,7.55
0,1000,-1.00,6.77
0,1000,-1.00,6.15
0,1000,-1.00,6.69
0,1000,-1.00,7.52
0,1000,-1.00,6.86
0,1000,-1.00,7.90
0,1000,-1.00,7.25
0,1000,-1.00,6.89
0,1000,-1.00,7.44
0,1000,-1.00,6.85
0,1000,-1.00,6.72
0,1000,-1.00,7.39
0,1000,-1.00,8.12
0,1000,-1.00,6.79
0,1000,-1.00,7.28
0,1000,-1.00,7.50
0,1000,-1.00,7.68
0,1000,-1.00,6.91
0,1000,-1.00,6.82
0,1000,-1.00,6.88
0,1000,-1.00,7.50
0,1000,-1.00,7.78
0,1000,-1.00,7.53
0,1000,-1.00,7.24
0,1000,-1.00,6.64
0,1000,-1.00,7.32
0,1000,-1.00,7.57
0,1000,-1.00,8.55
0,1000,-1.00,7.08
0,1000,-1.00,7.79
0,1000,-1.00,7.48
0,1000,-1.00,6.66
0,1000,-1.00,6.93
0,1000,-1.00,7.02
0,1000,-1.00,7.55
0,1000,-1.00,6.72
0,1000,-1.00,7.18
0,1000,-1.00,7.43
0,1000,-1.00,6.99
0,1000,-1.00,8.16
0,1000,-1.00,6.90
0,1000,-1.00,6.91
0,1000,-1.00,7.85
0,1000,-1.00,8.84
0,1000,-1.00,6.47
0,1000,-1.00,7.42
0,1000,-1.00,6.84
0,1000,-1.00,7.46
0,1000,-1.00,7.32
0,1000,-1.00,7.65
0,1000,-1.00,6.85
0,1000,-1.00,7.39
0,1000,-1.00,7.36
0,1000,-1.00,7.27
0,1000,-1.00,7.25
0,1000,-1.00,6.82
0,1000,-1.00,7.37
0,1000,-1.00,7.56
0,1000,-1.00,7.85
0,1000,-1.00,7.83
0,1000,-1.00,7.80
0,1000,-1.00,6.65
0,1000,-1.00,7.86
0,1000,-1.00,6.60
0,1000,-1.00,6.83
0,1000,-1.00,7.04
0,1000,-1.00,6.79
0,1000,-1.00,7.61
0,1000,-1.00,7.05
0,1000,-1.00,7.12
0,1000,-1.00,7.05
0,1000,-1.00,7.51
0,1000,-1.00,6.78
0,1000,-1.00,7.09
0,1000,-1.00,7.07
0,1000,-1.00,7.54
0,1000,-1.00,7.32
0,1000,-1.00,7.00
0,1000,-1.00,6.97
0,1000,-1.00,7.15
0,1000,-1.00,6.70
0,1000,-1.00,7.19
0,1000,-1.00,7.30
0,1000,-1.00,7.13
0,1000,-1.00,7.39
0,1000,-1.00,6.18
0,1000,-1.00,7.19
0,1000,-1.00,7.04
0,1000,-1.00,6.96
0,1000,-1.00,7.58
0,1000,-1.00,7.36
0,1000,-1.00,7.36
0,1000,-1.00,7.01
0,1000,-1.00,7.51
0,1000,-1.00,7.44
0,1000,-1.00,6.90
0,1000,-1.00,7.15
1000,0,9.34,-1.00
0,1000,-1.00,7.11
0,1000,-1.00,7.24
0,1000,-1.00,7.71
0,1000,-1.00,6.67
0,1000,-1.00,6.73
0,1000,-1.00,6.98
0,1000,-1.00,6.23
0,1000,-1.00,6.79
0,1000,-1.00,7.33
0,1000,-1.00,7.08
1000,0,8.79,-1.00
0,1000,-1.00,6.56
0,1000,-1.00,6.58
0,1000,-1.00,8.93
0,1000,-1.00,7.09
0,1000,-1.00,6.86
0,1000,-1.00,6.63
0,1000,-1.00,7.65
0,1000,-1.00,8.29
0,1000,-1.00,6.93
0,1000,-1.00,7.11
0,1000,-1.00,7.29
1000,0,10.39,-1.00
0,1000,-1.00,6.40
0,1000,-1.00,7.03
0,1000,-1.00,6.65
0,1000,-1.00,6.74
0,1000,-1.00,7.04
0,1000,-1.00,7.12
0,1000,-1.00,6.80
0,1000,-1.00,7.00
0,1000,-1.00,7.02
0,1000,-1.00,7.09
0,1000,-1.00,7.07
0,1000,-1.00,6.88
0,1000,-1.00,7.04
0,1000,-1.00,6.44
0,1000,-1.00,6.47
0,1000,-1.00,8.00
0,1000,-1.00,9.30
0,1000,-1.00,7.38
0,1000,-1.00,8.09
0,1000,-1.00,8.85
0,1000,-1.00,6.62
0,1000,-1.00,6.96
0,1000,-1.00,6.82
0,1000,-1.00,6.61
0,1000,-1.00,7.29
0,1000,-1.00,7.04
0,1000,-1.00,7.38
0,1000,-1.00,7.01
0,1000,-1.00,6.43
0,1000,-1.00,6.89
0,1000,-1.00,7.29
0,1000,-1.00,7.11
1000,0,9.35,-1.00
0,1000,-1.00,6.82
0,1000,-1.00,7.21
0,1000,-1.00,7.18
0,1000,-1.00,6.86
0,1000,-1.00,6.97
0,1000,-1.00,7.30
0,1000,-1.00,7.47
1000,0,10.38,-1.00
0,1000,-1.00,6.47
0,1000,-1.00,7.39
0,1000,-1.00,6.74
0,1000,-1.00,6.69
0,1000,-1.00,6.94
0,1000,-1.00,7.55
0,1000,-1.00,7.76
0,1000,-1.00,6.84
0,1000,-1.00,7.13
0,1000,-1.00,7.08
0,1000,-1.00,7.34
0,1000,-1.00,7.32
0,1000,-1.00,6.68
0,1000,-1.00,6.60
0,1000,-1.00,6.87
0,1000,-1.00,7.24
0,1000,-1.00,6.96
0,1000,-1.00,6.81
0,1000,-1.00,7.40
0,1000,-1.00,7.33
0,1000,-1.00,7.13
0,1000,-1.00,6.38
0,1000,-1.00,6.99
0,1000,-1.00,7.34
0,1000,-1.00,7.42
0,1000,-1.00,6.32
0,1000,-1.00,7.39
0,1000,-1.00,7.27
0,1000,-1.00,7.03
0,1000,-1.00,7.06
0,1000,-1.00,7.69
0,1000,-1.00,6.70
0,1000,-1.00,7.53
0,1000,-1.00,7.94
0,1000,-1.00,7.31
0,1000,-1.00,7.49
0,1000,-1.00,7.97
0,1000,-1.00,6.39
0,1000,-1.00,7.00
0,1000,-1.00,7.25
0,1000,-1.00,6.70
0,1000,-1.00,7.56
0,1000,-1.00,7.34
0,1000,-1.00,7.69
0,1000,-1.00,8.32
0,1000,-1.00,6.73
0,1000,-1.00,6.81
0,1000,-1.00,8.27
0,1000,-1.00,6.61
0,1000,-1.00,7.70
0,1000,-1.00,6.96
0,1000,-1.00,6.72
0,1000,-1.00,8.12
0,1000,-1.00,7.53
0,1000,-1.00,7.09
0,1000,-1.00,6.88
0,1000,-1.00,7.75
0,1000,-1.00,6.97
0,1000,-1.00,7.28
1000,0,10.64,-1.00
0,1000,-1.00,7.47
0,1000,-1.00,7.39
0,1000,-1.00,6.50
0,1000,-1.00,6.64
0,1000,-1.00,7.05
0,1000,-1.00,6.88
0,1000,-1.00,7.70
0,1000,-1.00,6.58
0,1000,-1.00,7.41
0,1000,-1.00,8.07
0,1000,-1.00,7.72
0,1000,-1.00,6.80
0,1000,-1.00,6.83
0,1000,-1.00,7.13
0,1000,-1.00,7.59
0,1000,-1.00,7.26
0,1000,-1.00,7.03
0,1000,-1.00,6.94
0,1000,-1.00,6.98
0,1000,-1.00,7.13
0,1000,-1.00,6.92
0,1000,-1.00,6.96
0,1000,-1.00,7.79
0,1000,-1.00,7.92
0,1000,-1.00,8.43
0,1000,-1.00,7.26
0,1000,-1.00,8.70
0,1000,-1.00,7.41
0,1000,-1.00,7.69
0,1000,-1.00,6.76
0,1000,-1.00,7.88
0,1000,-1.00,7.27
0,1000,-1.00,6.77
0,1000,-1.00,6.68
0,1000,-1.00,9.38
0,1000,-1.00,6.33
1000,0,8.90,-1.00
0,1000,-1.00,7.27
0,1000,-1.00,6.70
0,1000,-1.00,7.44
0,1000,-1.00,6.80
0,1000,-1.00,6.94
0,1000,-1.00,6.93
0,1000,-1.00,7.59
0,1000,-1.00,7.47
0,1000,-1.00,6.68
0,1000,-1.00,7.22
0,1000,-1.00,7.01
0,1000,-1.00,6.60
0,1000,-1.00,7.09
0,1000,-1.00,6.78
0,1000,-1.00,7.00
0,1000,-1.00,7.52
0,1000,-1.00,6.47
0,1000,-1.00,6.71
0,1000,-1.00,6.56
0,1000,-1.00,7.06
0,1000,-1.00,7.98
0,1000,-1.00,8.18
0,1000,-1.00,8.21
0,1000,-1.00,6.72
0,1000,-1.00,8.38
0,1000,-1.00,7.19
0,1000,-1.00,7.56
0,1000,-1.00,6.96
0,1000,-1.00,8.95
0,1000,-1.00,7.16
0,1000,-1.00,8.05
0,1000,-1.00,7.19
0,1000,-1.00,6.71
0,1000,-1.00,6.89
0,1000,-1.00,6.72
0,1000,-1.00,7.27
0,1000,-1.00,7.04
0,1000,-1.00,6.98
0,1000,-1.00,7.62
0,1000,-1.00,7.38
0,1000,-1.00,8.16
0,1000,-1.00,6.60
0,1000,-1.00,7.66
0,1000,-1.00,7.97
0,1000,-1.00,8.29
0,1000,-1.00,6.98
0,1000,-1.00,6.98
0,1000,-1.00,7.69
0,1000,-1.00,6.85
0,1000,-1.00,7.03
0,1000,-1.00,7.12
1000,0,9.91,-1.00
0,1000,-1.00,6.51
0,1000,-1.00,7.37
0,1000,-1.00,7.18
0,1000,-1.00,7.17
0,1000,-1.00,6.66
0,1000,-1.00,6.64
0,1000,-1.00,7.61
0,1000,-1.00,7.29
0,1000,-1.00,9.20
0,1000,-1.00,6.70
0,1000,-1.00,7.68
0,1000,-1.00,6.90
0,1000,-1.00,7.02
0,1000,-1.00,8.16
0,1000,-1.00,6.59
0,1000,-1.00,8.43
0,1000,-1.00,7.05
0,1000,-1.00,7.20
0,1000,-1.00,7.80
0,1000,-1.00,6.90
0,1000,-1.00,7.28
0,1000,-1.00,6.96
0,1000,-1.00,7.50
0,1000,-1.00,6.99
0,1000,-1.00,6.96
0,1000,-1.00,6.44
0,1000,-1.00,7.45
0,1000,-1.00,7.86
0,1000,-1.00,7.51
0,1000,-1.00,7.66
0,1000,-1.00,6.39
0,1000,-1.00,7.80
0,1000,-1.00,7.49
0,1000,-1.00,6.77
0,1000,-1.00,7.22
0,1000,-1.00,7.52
0,1000,-1.00,7.00
0,1000,-1.00,7.08
0,1000,-1.00,7.29
0,1000,-1.00,6.72
0,1000,-1.00,6.98
0,1000,-1.00,6.93
0,1000,-1.00,6.96
0,1000,-1.00,8.10
1000,0,10.64,-1.00
0,1000,-1.00,6.89
0,1000,-1.00,6.50
0,1000,-1.00,6.72
0,1000,-1.00,7.54
0,1000,-1.00,6.73
0,1000,-1.00,6.97
0,1000,-1.00,8.10
0,1000,-1.00,8.18
0,1000,-1.00,7.49
0,1000,-1.00,6.90
0,1000,-1.00,7.52
0,1000,-1.00,7.10
0,1000,-1.00,7.24
0,1000,-1.00,7.33
0,1000,-1.00,6.76
0,1000,-1.00,6.72
0,1000,-1.00,7.17
0,1000,-1.00,6.78
0,1000,-1.00,7.06
0,1000,-1.00,8.45
0,1000,-1.00,7.08
0,1000,-1.00,7.57
0,1000,-1.00,6.50
0,1000,-1.00,7.55
0,1000,-1.00,6.72
0,1000,-1.00,6.83
0,1000,-1.00,6.96
0,1000,-1.00,7.35
0,1000,-1.00,7.30
0,1000,-1.00,7.29
1000,0,10.41,-1.00
0,1000,-1.00,6.56
0,1000,-1.00,6.62
0,1000,-1.00,8.50
0,1000,-1.00,6.24
0,1000,-1.00,7.36
0,1000,-1.00,7.15
0,1000,-1.00,7.35
0,1000,-1.00,7.18
0,1000,-1.00,6.70
0,1000,-1.00,6.56
0,1000,-1.00,7.19
0,1000,-1.00,7.60
0,1000,-1.00,7.35
0,1000,-1.00,6.93
0,1000,-1.00,7.34
0,1000,-1.00,7.43
0,1000,-1.00,7.37
0,1000,-1.00,6.92
0,1000,-1.00,7.46
0,1000,-1.00,7.64
0,1000,-1.00,7.02
0,1000,-1.00,6.49
1000,0,9.88,-1.00
0,1000,-1.00,7.07
0,1000,-1.00,7.29
0,1000,-1.00,6.84
0,1000,-1.00,6.77
0,1000,-1.00,7.57
0,1000,-1.00,6.93
0,1000,-1.00,7.46
0,1000,-1.00,6.86
0,1000,-1.00,7.24
0,1000,-1.00,6.75
0,1000,-1.00,6.87
0,1000,-1.00,6.85
0,1000,-1.00,7.34
0,1000,-1.00,6.72
0,1000,-1.00,6.63
0,1000,-1.00,6.76
0,1000,-1.00,7.63
0,1000,-1.00,7.66
0,1000,-1.00,8.31
0,1000,-1.00,7.40
0,1000,-1.00,7.29
0,1000,-1.00,8.50
0,1000,-1.00,7.53
0,1000,-1.00,7.25
0,1000,-1.00,7.60
0,1000,-1.00,7.45
0,1000,-1.00,7.33
0,1000,-1.00,7.26
0,1000,-1.00,7.39
0,1000,-1.00,7.50
0,1000,-1.00,7.30
0,1000,-1.00,7.08
0,1000,-1.00,8.41
0,1000,-1.00,6.72
0,1000,-1.00,7.04
0,1000,-1.00,7.20
0,1000,-1.00,7.33
0,1000,-1.00,7.10
0,1000,-1.00,6.56
0,1000,-1.00,7.32
0,1000,-1.00,7.04
0,1000,-1.00,6.83
0,1000,-1.00,7.86
0,1000,-1.00,6.94
0,1000,-1.00,7.67
0,1000,-1.00,7.14
0,1000,-1.00,7.63
0,1000,-1.00,7.39
0,1000,-1.00,6.89
0,1000,-1.00,6.88
0,1000,-1.00,7.05
0,1000,-1.00,7.49
0,1000,-1.00,7.50
0,1000,-1.00,6.77
0,1000,-1.00,7.65
0,1000,-1.00,6.86
0,1000,-1.00,7.59
0,1000,-1.00,7.21
0,1000,-1.00,7.17
0,1000,-1.00,7.49
0,1000,-1.00,7.90
0,1000,-1.00,7.38
0,1000,-1.00,7.43
0,1000,-1.00,6.42
0,1000,-1.00,6.81
0,1000,-1.00,7.26
0,1000,-1.00,8.36
0,1000,-1.00,6.94
0,1000,-1.00,7.63
0,1000,-1.00,7.25
0,1000,-1.00,6.78
0,1000,-1.00,6.97
0,1000,-1.00,6.81
0,1000,-1.00,7.05
0,1000,-1.00,7.34
0,1000,-1.00,7.01
0,1000,-1.00,7.16
0,1000,-1.00,6.16
0,1000,-1.00,7.10
0,1000,-1.00,6.83
0,1000,-1.00,6.64
0,1000,-1.00,7.80
0,1000,-1.00,6.99
0,1000,-1.00,8.64
0,1000,-1.00,7.09
0,1000,-1.00,6.78
0,1000,-1.00,7.31
0,1000,-1.00,7.84
0,1000,-1.00,7.56
0,1000,-1.00,7.57
0,1000,-1.00,7.02
0,1000,-1.00,7.57
0,1000,-1.00,7.63
0,1000,-1.00,7.30
0,1000,-1.00,6.31
0,1000,-1.00,6.97
0,1000,-1.00,6.62
0,1000,-1.00,7.45
0,1000,-1.00,6.97
0,1000,-1.00,7.36
0,1000,-1.00,7.06
0,1000,-1.00,6.49
0,1000,-1.00,7.01
0,1000,-1.00,7.28
0,1000,-1.00,7.02
0,1000,-1.00,6.85
0,1000,-1.00,6.88
0,1000,-1.00,7.12
0,1000,-1.00,7.32
0,1000,-1.00,7.52
0,1000,-1.00,7.09
0,1000,-1.00,6.98
0,1000,-1.00,7.53
0,1000,-1.00,7.39
0,1000,-1.00,7.07
0,1000,-1.00,7.09
0,1000,-1.00,7.05
1000,0,8.51,-1.00
0,1000,-1.00,6.80
0,1000,-1.00,7.34
0,1000,-1.00,7.43
0,1000,-1.00,7.78
0,1000,-1.00,6.97
0,1000,-1.00,7.49
0,1000,-1.00,7.56
0,1000,-1.00,7.08
0,1000,-1.00,6.70
0,1000,-1.00,7.29
0,1000,-1.00,7.77
0,1000,-1.00,6.89
0,1000,-1.00,6.30
0,1000,-1.00,7.27
0,1000,-1.00,7.18
0,1000,-1.00,7.45
0,1000,-1.00,6.99
0,1000,-1.00,7.00
0,1000,-1.00,7.10
0,1000,-1.00,7.21
0,1000,-1.00,8.31
0,1000,-1.00,7.03
0,1000,-1.00,7.01
0,1000,-1.00,7.31
0,1000,-1.00,6.99
0,1000,-1.00,7.75
0,1000,-1.00,7.55
0,1000,-1.00,6.32
0,1000,-1.00,7.69
0,1000,-1.00,7.40
0,1000,-1.00,7.89
0,1000,-1.00,7.02
0,1000,-1.00,7.28
0,1000,-1.00,7.99
0,1000,-1.00,7.57
0,1000,-1.00,7.14
0,1000,-1.00,6.97
0,1000,-1.00,7.09
0,1000,-1.00,7.35
0,1000,-1.00,8.02
0,1000,-1.00,6.85
0,1000,-1.00,7.35
0,1000,-1.00,7.01
0,1000,-1.00,7.24
0,1000,-1.00,6.91
0,1000,-1.00,7.19
0,1000,-1.00,7.40
0,1000,-1.00,7.58
0,1000,-1.00,8.05
0,1000,-1.00,6.78
0,1000,-1.00,7.13
0,1000,-1.00,7.15
0,1000,-1.00,8.26
0,1000,-1.00,7.25
0,1000,-1.00,6.48
0,1000,-1.00,7.64
0,1000,-1.00,6.39
0,1000,-1.00,7.42
0,1000,-1.00,7.61
0,1000,-1.00,6.93
0,1000,-1.00,6.95
0,1000,-1.00,7.06
0,1000,-1.00,6.78
0,1000,-1.00,6.56
0,1000,-1.00,7.16
0,1000,-1.00,9.23
0,1000,-1.00,7.07
0,1000,-1.00,6.74
0,1000,-1.00,7.52
0,1000,-1.00,6.89
0,1000,-1.00,7.00
0,1000,-1.00,7.17
0,1000,-1.00,7.21
0,1000,-1.00,7.38
0,1000,-1.00,6.62
0,1000,-1.00,7.09
0,1000,-1.00,7.41
0,1000,-1.00,7.47
0,1000,-1.00,7.48
0,1000,-1.00,7.33
0,1000,-1.00,7.49
0,1000,-1.00,7.19
0,1000,-1.00,6.75
0,1000,-1.00,6.45
0,1000,-1.00,6.88
0,1000,-1.00,7.42
0,1000,-1.00,6.96
0,1000,-1.00,7.54
0,1000,-1.00,6.95
0,1000,-1.00,7.78
0,1000,-1.00,7.02
0,1000,-1.00,6.81
0,1000,-1.00,7.41
0,1000,-1.00,7.56
0,1000,-1.00,7.84
0,1000,-1.00,8.31
0,1000,-1.00,6.53
0,1000,-1.00,6.88
0,1000,-1.00,7.21
0,1000,-1.00,6.84
0,1000,-1.00,6.56
0,1000,-1.00,8.49
0,1000,-1.00,7.36
0,1000,-1.00,7.21
0,1000,-1.00,7.20
0,1000,-1.00,6.89
0,1000,-1.00,7.12
0,1000,-1.00,7.15
0,1000,-1.00,6.47
0,1000,-1.00,7.26
0,1000,-1.00,6.68
0,1000,-1.00,7.46
0,1000,-1.00,7.74
0,1000,-1.00,6.94
0,1000,-1.00,7.39
0,1000,-1.00,7.68
0,1000,-1.00,6.74
0,1000,-1.00,7.34
0,1000,-1.00,7.47
0,1000,-1.00,6.93
0,1000,-1.00,6.45
0,1000,-1.00,7.40
0,1000,-1.00,6.89
0,1000,-1.00,7.19
0,1000,-1.00,6.76
0,1000,-1.00,7.44
0,1000,-1.00,6.85
0,1000,-1.00,7.41
0,1000,-1.00,6.95
0,1000,-1.00,6.67
0,1000,-1.00,7.25
0,1000,-1.00,7.32
0,1000,-1.00,7.52
0,1000,-1.00,6.96
0,1000,-1.00,6.80
0,1000,-1.00,7.20
0,1000,-1.00,6.49
0,1000,-1.00,7.32
0,1000,-1.00,7.99
0,1000,-1.00,7.33
0,1000,-1.00,7.31
0,1000,-1.00,9.16
0,1000,-1.00,6.76
0,1000,-1.00,6.86
0,1000,-1.00,6.57
0,1000,-1.00,6.82
0,1000,-1.00,6.93
0,1000,-1.00,6.63
0,1000,-1.00,7.05
0,1000,-1.00,7.07
0,1000,-1.00,7.67
0,1000,-1.00,6.29
0,1000,-1.00,7.31
0,1000,-1.00,7.60
0,1000,-1.00,6.85
0,1000,-1.00,7.45
0,1000,-1.00,7.18
0,1000,-1.00,7.46
0,1000,-1.00,8.03
0,1000,-1.00,8.07
0,1000,-1.00,8.13
0,1000,-1.00,7.24
0,1000,-1.00,6.96
0,1000,-1.00,7.81
0,1000,-1.00,7.00
0,1000,-1.00,7.68
0,1000,-1.00,7.04
0,1000,-1.00,7.83
0,1000,-1.00,8.77
0,1000,-1.00,6.70
0,1000,-1.00,6.88
0,1000,-1.00,7.02
0,1000,-1.00,7.72
0,1000,-1.00,7.01
0,1000,-1.00,6.90
0,1000,-1.00,6.61
0,1000,-1.00,7.14
0,1000,-1.00,7.27
0,1000,-1.00,7.96
0,1000,-1.00,7.49
0,1000,-1.00,6.94
0,1000,-1.00,7.11
0,1000,-1.00,7.11
0,1000,-1.00,6.71
0,1000,-1.00,6.93
0,1000,-1.00,7.49
0,1000,-1.00,8.11
0,1000,-1.00,7.18
0,1000,-1.00,7.57
0,1000,-1.00,7.00
0,1000,-1.00,7.24
0,1000,-1.00,6.21
0,1000,-1.00,7.41
0,1000,-1.00,6.95
0,1000,-1.00,10.40
0,1000,-1.00,6.88
0,1000,-1.00,6.55
0,1000,-1.00,7.97
0,1000,-1.00,7.59
0,1000,-1.00,7.79
0,1000,-1.00,7.64
0,1000,-1.00,7.77
0,1000,-1.00,7.49
0,1000,-1.00,7.28
0,1000,-1.00,8.34
0,1000,-1.00,6.68
0,1000,-1.00,7.11
0,1000,-1.00,6.39
0,1000,-1.00,6.65
0,1000,-1.00,7.26
0,1000,-1.00,9.39
0,1000,-1.00,7.75
0,1000,-1.00,6.94
0,1000,-1.00,7.56
0,1000,-1.00,7.23
0,1000,-1.00,7.61
0,1000,-1.00,7.14
0,1000,-1.00,7.49
0,1000,-1.00,7.09
0,1000,-1.00,7.21
0,1000,-1.00,7.49
0,1000,-1.00,7.18
0,1000,-1.00,6.85
0,1000,-1.00,7.43
0,1000,-1.00,6.53
0,1000,-1.00,7.24
0,1000,-1.00,6.81
0,1000,-1.00,7.37
0,1000,-1.00,8.61
0,1000,-1.00,8.21
0,1000,-1.00,6.66
0,1000,-1.00,7.38
0,1000,-1.00,6.89
0,1000,-1.00,7.76
0,1000,-1.00,9.09
0,1000,-1.00,8.81
0,1000,-1.00,6.57
1000,0,8.79,-1.00
0,1000,-1.00,7.04
0,1000,-1.00,6.55
0,1000,-1.00,7.68
0,1000,-1.00,6.89
0,1000,-1.00,7.49
0,1000,-1.00,6.66
0,1000,-1.00,6.95
0,1000,-1.00,6.99
0,1000,-1.00,7.02
0,1000,-1.00,7.21
0,1000,-1.00,7.13
0,1000,-1.00,7.00
0,1000,-1.00,7.51
0,1000,-1.00,6.28
0,1000,-1.00,7.27
0,1000,-1.00,6.93
0,1000,-1.00,6.88
0,1000,-1.00,7.01
0,1000,-1.00,7.87
1000,0,10.34,-1.00
0,1000,-1.00,6.97
0,1000,-1.00,7.29
0,1000,-1.00,6.68
0,1000,-1.00,7.88
0,1000,-1.00,6.86
0,1000,-1.00,6.74
0,1000,-1.00,7.28
0,1000,-1.00,7.56
0,1000,-1.00,7.22
0,1000,-1.00,7.31
0,1000,-1.00,6.92
1000,0,10.02,-1.00
0,1000,-1.00,7.18
0,1000,-1.00,7.08
0,1000,-1.00,6.59
0,1000,-1.00,7.96
1000,0,9.09,-1.00
0,1000,-1.00,7.03
0,1000,-1.00,6.56
0,1000,-1.00,7.87
0,1000,-1.00,7.41
0,1000,-1.00,7.60
0,1000,-1.00,7.72
0,1000,-1.00,6.89
0,1000,-1.00,6.80
0,1000,-1.00,7.01
0,1000,-1.00,7.41
0,1000,-1.00,6.49
0,1000,-1.00,7.10
0,1000,-1.00,7.06
0,1000,-1.00,6.97
0,1000,-1.00,7.04
0,1000,-1.00,7.29
0,1000,-1.00,7.32
0,1000,-1.00,7.22
0,1000,-1.00,7.34
0,1000,-1.00,7.27
0,1000,-1.00,6.88
0,1000,-1.00,6.65
0,1000,-1.00,8.13
0,1000,-1.00,7.93
0,1000,-1.00,7.18
0,1000,-1.00,6.89
0,1000,-1.00,6.97
0,1000,-1.00,7.03
0,1000,-1.00,6.49
0,1000,-1.00,7.52
0,1000,-1.00,7.09
0,1000,-1.00,6.61
0,1000,-1.00,7.38
0,1000,-1.00,6.99
0,1000,-1.00,6.90
0,1000,-1.00,6.96
0,1000,-1.00,6.68
0,1000,-1.00,7.06
0,1000,-1.00,6.86
0,1000,-1.00,7.86
0,1000,-1.00,7.05
0,1000,-1.00,7.19
0,1000,-1.00,7.41
0,1000,-1.00,8.42
0,1000,-1.00,7.22
0,1000,-1.00,7.33
0,1000,-1.00,6.83
0,1000,-1.00,6.90
0,1000,-1.00,7.06
0,1000,-1.00,7.43
0,1000,-1.00,6.97
0,1000,-1.00,7.34
0,1000,-1.00,7.51
0,1000,-1.00,7.82
0,1000,-1.00,7.09
0,1000,-1.00,8.36
0,1000,-1.00,6.50
0,1000,-1.00,6.92
0,1000,-1.00,6.68
0,1000,-1.00,6.89
0,1000,-1.00,7.26
0,1000,-1.00,7.27
0,1000,-1.00,6.95
0,1000,-1.00,7.05
0,1000,-1.00,7.16
0,1000,-1.00,6.46
0,1000,-1.00,6.27
0,1000,-1.00,7.75
0,1000,-1.00,7.99
0,1000,-1.00,7.15
0,1000,-1.00,7.14
0,1000,-1.00,8.04
0,1000,-1.00,6.34
0,1000,-1.00,7.34
1000,0,9.56,-1.00
0,1000,-1.00,6.89
0,1000,-1.00,6.63
0,1000,-1.00,7.00
0,1000,-1.00,7.62
0,1000,-1.00,7.31
0,1000,-1.00,7.26
0,1000,-1.00,6.34
0,1000,-1.00,8.18
0,1000,-1.00,6.95
0,1000,-1.00,6.86
0,1000,-1.00,6.97
0,1000,-1.00,7.35
0,1000,-1.00,6.74
0,1000,-1.00,6.81
0,1000,-1.00,6.94
0,1000,-1.00,7.48
0,1000,-1.00,6.97
0,1000,-1.00,7.16
0,1000,-1.00,8.02
0,1000,-1.00,6.87
0,1000,-1.00,6.82
0,1000,-1.00,7.36
0,1000,-1.00,7.04
0,1000,-1.00,7.49
0,1000,-1.00,7.53
0,1000,-1.00,7.04
0,1000,-1.00,7.60
0,1000,-1.00,7.17
0,1000,-1.00,7.85
0,1000,-1.00,7.31
0,1000,-1.00,7.13
0,1000,-1.00,7.41
0,1000,-1.00,7.65
0,1000,-1.00,7.19
1000,0,9.74,-1.00
0,1000,-1.00,7.41
0,1000,-1.00,7.76
0,1000,-1.00,7.90
0,1000,-1.00,6.41
0,1000,-1.00,7.34
0,1000,-1.00,7.52
0,1000,-1.00,7.10
0,1000,-1.00,7.45
0,1000,-1.00,6.75
0,1000,-1.00,9.87
0,1000,-1.00,7.74
1000,0,7.89,-1.00
0,1000,-1.00,7.40
0,1000,-1.00,7.45
0,1000,-1.00,7.86
0,1000,-1.00,7.54
0,1000,-1.00,6.95
0,1000,-1.00,7.22
0,1000,-1.00,6.34
0,1000,-1.00,6.66
0,1000,-1.00,7.18
0,1000,-1.00,7.17
0,1000,-1.00,6.95
0,1000,-1.00,6.78
0,1000,-1.00,7.82
0,1000,-1.00,7.54
0,1000,-1.00,6.60
0,1000,-1.00,7.99
0,1000,-1.00,6.92
0,1000,-1.00,6.92
0,1000,-1.00,7.27
0,1000,-1.00,7.56
0,1000,-1.00,7.01
0,1000,-1.00,7.46
0,1000,-1.00,6.86
0,1000,-1.00,7.26
0,1000,-1.00,7.39
0,1000,-1.00,7.52
0,1000,-1.00,7.01
0,1000,-1.00,7.69
0,1000,-1.00,7.58
0,1000,-1.00,8.19
0,1000,-1.00,7.59
0,1000,-1.00,6.49
0,1000,-1.00,7.09
0,1000,-1.00,7.44
0,1000,-1.00,6.64
0,1000,-1.00,7.55
0,1000,-1.00,6.97
0,1000,-1.00,7.27
0,1000,-1.00,7.15
0,1000,-1.00,7.20
0,1000,-1.00,7.26
0,1000,-1.00,6.65
0,1000,-1.00,6.96
0,1000,-1.00,7.54
0,1000,-1.00,7.33
0,1000,-1.00,7.07
0,1000,-1.00,6.99
0,1000,-1.00,7.28
0,1000,-1.00,8.17
0,1000,-1.00,7.72
0,1000,-1.00,6.64
0,1000,-1.00,6.83
0,1000,-1.00,7.38
0,1000,-1.00,7.25
0,1000,-1.00,7.05
0,1000,-1.00,7.74
0,1000,-1.00,7.40
0,1000,-1.00,7.51
0,1000,-1.00,7.19
0,1000,-1.00,6.73
0,1000,-1.00,6.61
0,1000,-1.00,7.10
0,1000,-1.00,6.65
0,1000,-1.00,6.34
0,1000,-1.00,7.61
0,1000,-1.00,6.56
0,1000,-1.00,6.97
0,1000,-1.00,6.87
0,1000,-1.00,6.66
0,1000,-1.00,7.06
0,1000,-1.00,7.00
0,1000,-1.00,7.33
0,1000,-1.00,7.45
0,1000,-1.00,7.12
0,1000,-1.00,7.54
0,1000,-1.00,7.02
0,1000,-1.00,7.16
0,1000,-1.00,6.84
1000,0,9.44,-1.00
0,1000,-1.00,7.45
0,1000,-1.00,6.43
0,1000,-1.00,7.10
0,1000,-1.00,7.65
0,1000,-1.00,7.20
0,1000,-1.00,7.35
0,1000,-1.00,7.30
0,1000,-1.00,7.34
0,1000,-1.00,7.66
0,1000,-1.00,7.14
0,1000,-1.00,7.51
0,1000,-1.00,6.74
0,1000,-1.00,7.00
0,1000,-1.00,7.05
0,1000,-1.00,7.65
0,1000,-1.00,7.24
0,1000,-1.00,6.73
1000,0,8.34,-1.00
0,1000,-1.00,6.72
0,1000,-1.00,7.32
0,1000,-1.00,6.66
0,1000,-1.00,7.18
0,1000,-1.00,7.53
0,1000,-1.00,6.67
0,1000,-1.00,7.66
0,1000,-1.00,7.04
0,1000,-1.00,7.52
1000,0,9.24,-1.00
0,1000,-1.00,6.70
0,1000,-1.00,6.59
0,1000,-1.00,7.63
0,1000,-1.00,6.98
0,1000,-1.00,7.21
0,1000,-1.00,7.87
0,1000,-1.00,7.50
0,1000,-1.00,7.08
0,1000,-1.00,7.05
0,1000,-1.00,7.41
0,1000,-1.00,7.31
0,1000,-1.00,6.66
0,1000,-1.00,7.71
0,1000,-1.00,6.96
0,1000,-1.00,7.19
0,1000,-1.00,7.21
0,1000,-1.00,7.59
0,1000,-1.00,7.70
0,1000,-1.00,6.78
0,1000,-1.00,8.32
0,1000,-1.00,6.63
0,1000,-1.00,7.04
0,1000,-1.00,7.12
0,1000,-1.00,7.62
0,1000,-1.00,6.76
0,1000,-1.00,7.99
0,1000,-1.00,6.92
0,1000,-1.00,6.64
0,1000,-1.00,6.95
0,1000,-1.00,6.89
0,1000,-1.00,6.90
0,1000,-1.00,6.94
0,1000,-1.00,7.10
0,1000,-1.00,7.14
0,1000,-1.00,7.55
0,1000,-1.00,6.89
0,1000,-1.00,7.78
0,1000,-1.00,7.27
0,1000,-1.00,7.30
0,1000,-1.00,7.27
0,1000,-1.00,7.33
0,1000,-1.00,6.45
0,1000,-1.00,6.65
0,1000,-1.00,7.86
0,1000,-1.00,7.51
0,1000,-1.00,7.63
0,1000,-1.00,7.28
0,1000,-1.00,7.23
0,1000,-1.00,6.72
0,1000,-1.00,6.74
0,1000,-1.00,7.35
1000,0,9.44,-1.00
0,1000,-1.00,6.71
0,1000,-1.00,6.97
0,1000,-1.00,7.40
0,1000,-1.00,6.96
0,1000,-1.00,7.30
0,1000,-1.00,7.38
0,1000,-1.00,7.21
0,1000,-1.00,6.73
0,1000,-1.00,7.80
0,1000,-1.00,6.66
0,1000,-1.00,7.05
0,1000,-1.00,7.40
0,1000,-1.00,6.41
0,1000,-1.00,7.39
0,1000,-1.00,7.45
1000,0,10.43,-1.00
0,1000,-1.00,7.04
0,1000,-1.00,7.56
0,1000,-1.00,7.02
0,1000,-1.00,6.46
0,1000,-1.00,7.85
0,1000,-1.00,8.46
0,1000,-1.00,8.96
0,1000,-1.00,6.71
0,1000,-1.00,7.61
0,1000,-1.00,6.58
0,1000,-1.00,7.12
0,1000,-1.00,7.36
0,1000,-1.00,7.05
0,1000,-1.00,6.51
0,1000,-1.00,7.19
0,1000,-1.00,9.11
0,1000,-1.00,7.95
0,1000,-1.00,7.07
0,1000,-1.00,7.71
0,1000,-1.00,7.53
0,1000,-1.00,6.94
0,1000,-1.00,7.42
0,1000,-1.00,6.53
0,1000,-1.00,6.71
0,1000,-1.00,7.01
0,1000,-1.00,7.25
0,1000,-1.00,7.09
0,1000,-1.00,6.92
0,1000,-1.00,6.99
0,1000,-1.00,7.07
0,1000,-1.00,7.33
0,1000,-1.00,7.12
0,1000,-1.00,8.00
0,1000,-1.00,9.35
0,1000,-1.00,6.74
0,1000,-1.00,7.10
0,1000,-1.00,7.45
0,1000,-1.00,7.06
0,1000,-1.00,6.96
0,1000,-1.00,7.05
0,1000,-1.00,7.11
0,1000,-1.00,7.75
0,1000,-1.00,7.30
0,1000,-1.00,7.65
0,1000,-1.00,7.05
0,1000,-1.00,6.58
0,1000,-1.00,7.47
0,1000,-1.00,7.07
0,1000,-1.00,7.62
0,1000,-1.00,7.84
0,1000,-1.00,7.22
0,1000,-1.00,7.13
0,1000,-1.00,6.95
0,1000,-1.00,7.04
0,1000,-1.00,7.06
0,1000,-1.00,7.99
0,1000,-1.00,6.93
0,1000,-1.00,6.82
0,1000,-1.00,7.51
0,1000,-1.00,6.48
0,1000,-1.00,6.89
0,1000,-1.00,7.17
0,1000,-1.00,7.70
0,1000,-1.00,6.53
0,1000,-1.00,7.03
0,1000,-1.00,7.72
0,1000,-1.00,7.19
0,1000,-1.00,7.09
0,1000,-1.00,7.88
0,1000,-1.00,7.88
0,1000,-1.00,7.55
0,1000,-1.00,7.69
0,1000,-1.00,6.65
0,1000,-1.00,6.78
0,1000,-1.00,6.93
0,1000,-1.00,7.41
0,1000,-1.00,8.01
0,1000,-1.00,7.47
0,1000,-1.00,7.66
0,1000,-1.00,6.92
0,1000,-1.00,7.84
0,1000,-1.00,7.94
0,1000,-1.00,7.92
0,1000,-1.00,6.88
0,1000,-1.00,7.00
0,1000,-1.00,7.07
0,1000,-1.00,6.69
0,1000,-1.00,7.31
0,1000,-1.00,7.48
0,1000,-1.00,7.06
0,1000,-1.00,6.95
0,1000,-1.00,7.67
0,1000,-1.00,7.83
0,1000,-1.00,7.75
0,1000,-1.00,6.91
0,1000,-1.00,7.61
0,1000,-1.00,7.33
0,1000,-1.00,6.91
0,1000,-1.00,6.89
0,1000,-1.00,7.19
0,1000,-1.00,7.44
0,1000,-1.00,7.57
0,1000,-1.00,6.57
0,1000,-1.00,6.68
0,1000,-1.00,7.65
0,1000,-1.00,6.35
0,1000,-1.00,7.12
0,1000,-1.00,7.22
0,1000,-1.00,8.22
0,1000,-1.00,7.48
0,1000,-1.00,7.75
0,1000,-1.00,8.09
0,1000,-1.00,7.02
0,1000,-1.00,7.62
0,1000,-1.00,6.88
0,1000,-1.00,6.73
0,1000,-1.00,6.94
0,1000,-1.00,7.17
0,1000,-1.00,9.05
0,1000,-1.00,6.92
0,1000,-1.00,6.62
0,1000,-1.00,7.21
0,1000,-1.00,6.66
0,1000,-1.00,7.91
0,1000,-1.00,8.01
0,1000,-1.00,7.76
0,1000,-1.00,6.41
0,1000,-1.00,6.23
0,1000,-1.00,7.55
0,1000,-1.00,7.12
0,1000,-1.00,7.06
0,1000,-1.00,6.55
0,1000,-1.00,6.32
0,1000,-1.00,6.62
0,1000,-1.00,7.57
0,1000,-1.00,6.36
0,1000,-1.00,7.40
0,1000,-1.00,7.23
0,1000,-1.00,6.72
1000,0,8.47,-1.00
0,1000,-1.00,7.23
0,1000,-1.00,6.36
0,1000,-1.00,6.25
0,1000,-1.00,6.73
0,1000,-1.00,7.10
0,1000,-1.00,6.13
0,1000,-1.00,6.42
0,1000,-1.00,6.86
0,1000,-1.00,6.80
0,1000,-1.00,6.90
0,1000,-1.00,6.91
0,1000,-1.00,6.77
0,1000,-1.00,6.46
0,1000,-1.00,6.89
0,1000,-1.00,7.16
0,1000,-1.00,6.87
0,1000,-1.00,7.18
0,1000,-1.00,7.18
0,1000,-1.00,6.91
0,1000,-1.00,8.12
0,1000,-1.00,7.11
0,1000,-1.00,6.91
0,1000,-1.00,7.39
0,1000,-1.00,7.07
0,1000,-1.00,8.25
0,1000,-1.00,6.30
0,1000,-1.00,8.95
0,1000,-1.00,7.09
0,1000,-1.00,6.89
0,1000,-1.00,8.14
0,1000,-1.00,7.24
0,1000,-1.00,7.26
0,1000,-1.00,8.19
0,1000,-1.00,7.13
0,1000,-1.00,7.02
0,1000,-1.00,7.05
0,1000,-1.00,7.06
0,1000,-1.00,7.35
0,1000,-1.00,7.40
0,1000,-1.00,7.53
0,1000,-1.00,6.92
0,1000,-1.00,6.88
0,1000,-1.00,7.22
0,1000,-1.00,7.20
0,1000,-1.00,7.09
0,1000,-1.00,7.59
0,1000,-1.00,6.94
0,1000,-1.00,7.16
0,1000,-1.00,8.03
0,1000,-1.00,7.59
0,1000,-1.00,7.86
0,1000,-1.00,8.50
0,1000,-1.00,7.29
0,1000,-1.00,7.33
0,1000,-1.00,7.18
0,1000,-1.00,7.80
0,1000,-1.00,6.58
0,1000,-1.00,6.87
0,1000,-1.00,6.83
0,1000,-1.00,6.90
0,1000,-1.00,6.85
0,1000,-1.00,6.59
0,1000,-1.00,7.37
0,1000,-1.00,6.48
0,1000,-1.00,7.76
0,1000,-1.00,7.12
0,1000,-1.00,7.60
0,1000,-1.00,6.54
0,1000,-1.00,7.05
0,1000,-1.00,7.29
0,1000,-1.00,7.09
0,1000,-1.00,8.25
0,1000,-1.00,7.11
0,1000,-1.00,7.80
0,1000,-1.00,7.61
0,1000,-1.00,6.72
0,1000,-1.00,6.88
0,1000,-1.00,7.01
0,1000,-1.00,6.80
0,1000,-1.00,7.48
0,1000,-1.00,7.08
0,1000,-1.00,7.05
0,1000,-1.00,7.25
0,1000,-1.00,7.51
0,1000,-1.00,6.47
0,1000,-1.00,7.72
0,1000,-1.00,7.39
0,1000,-1.00,6.73
0,1000,-1.00,7.55
0,1000,-1.00,7.76
0,1000,-1.00,6.94
0,1000,-1.00,7.40
0,1000,-1.00,7.34
0,1000,-1.00,7.73
0,1000,-1.00,7.09
0,1000,-1.00,7.68
0,1000,-1.00,6.21
0,1000,-1.00,7.00
0,1000,-1.00,7.79
0,1000,-1.00,6.70
0,1000,-1.00,7.13
0,1000,-1.00,8.06
0,1000,-1.00,6.60
0,1000,-1.00,7.42
0,1000,-1.00,6.92
0,1000,-1.00,6.59
0,1000,-1.00,6.77
0,1000,-1.00,6.72
0,1000,-1.00,7.40
0,1000,-1.00,7.54
0,1000,-1.00,7.09
1000,0,9.08,-1.00
0,1000,-1.00,7.10
0,1000,-1.00,7.33
0,1000,-1.00,6.87
0,1000,-1.00,6.59
0,1000,-1.00,7.99
0,1000,-1.00,7.57
0,1000,-1.00,6.97
0,1000,-1.00,6.79
0,1000,-1.00,7.17
1000,0,8.03,-1.00
0,1000,-1.00,7.16
0,1000,-1.00,6.54
0,1000,-1.00,7.00
0,1000,-1.00,6.41
0,1000,-1.00,7.00
0,1000,-1.00,6.82
0,1000,-1.00,7.29
0,1000,-1.00,7.66
0,1000,-1.00,6.81
0,1000,-1.00,7.40
0,1000,-1.00,7.12
0,1000,-1.00,7.44
0,1000,-1.00,7.62
0,1000,-1.00,6.70
0,1000,-1.00,7.29
0,1000,-1.00,7.44
0,1000,-1.00,7.21
0,1000,-1.00,7.16
0,1000,-1.00,6.89
0,1000,-1.00,8.23
0,1000,-1.00,7.54
0,1000,-1.00,6.62
0,1000,-1.00,7.31
0,1000,-1.00,7.20
0,1000,-1.00,7.39
0,1000,-1.00,7.59
0,1000,-1.00,7.39
0,1000,-1.00,8.99
0,1000,-1.00,6.58
0,1000,-1.00,7.98
0,1000,-1.00,7.40
0,1000,-1.00,7.28
0,1000,-1.00,6.80
0,1000,-1.00,8.52
0,1000,-1.00,6.96
0,1000,-1.00,6.28
0,1000,-1.00,7.02
0,1000,-1.00,7.00
0,1000,-1.00,7.06
0,1000,-1.00,7.21
0,1000,-1.00,6.41
0,1000,-1.00,7.93
0,1000,-1.00,6.71
0,1000,-1.00,8.20
0,1000,-1.00,7.32
0,1000,-1.00,7.73
0,1000,-1.00,6.81
0,1000,-1.00,8.09
0,1000,-1.00,7.05
0,1000,-1.00,7.42
0,1000,-1.00,6.20
0,1000,-1.00,7.71
0,1000,-1.00,7.59
0,1000,-1.00,7.70
0,1000,-1.00,6.60
0,1000,-1.00,8.48
0,1000,-1.00,8.21
0,1000,-1.00,6.62
0,1000,-1.00,7.16
0,1000,-1.00,8.04
0,1000,-1.00,7.28
0,1000,-1.00,6.94
0,1000,-1.00,7.04
0,1000,-1.00,7.65
0,1000,-1.00,7.52
0,1000,-1.00,7.17
0,1000,-1.00,7.24
0,1000,-1.00,6.46
0,1000,-1.00,6.61
0,1000,-1.00,6.44
0,1000,-1.00,7.58
0,1000,-1.00,7.42
0,1000,-1.00,7.51
0,1000,-1.00,7.56
0,1000,-1.00,6.59
0,1000,-1.00,6.48
0,1000,-1.00,7.45
0,1000,-1.00,6.81
0,1000,-1.00,7.95
1000,0,10.09,-1.00
0,1000,-1.00,7.70
0,1000,-1.00,6.84
0,1000,-1.00,7.57
0,1000,-1.00,7.05
0,1000,-1.00,7.14
0,1000,-1.00,7.20
0,1000,-1.00,7.51
0,1000,-1.00,7.51
0,1000,-1.00,7.09
0,1000,-1.00,7.44
0,1000,-1.00,7.14
0,1000,-1.00,7.74
0,1000,-1.00,7.56
0,1000,-1.00,7.20
0,1000,-1.00,6.69
0,1000,-1.00,6.52
0,1000,-1.00,7.23
0,1000,-1.00,6.95
0,1000,-1.00,7.00
0,1000,-1.00,7.16
0,1000,-1.00,7.23
0,1000,-1.00,7.45
0,1000,-1.00,6.69
0,1000,-1.00,7.56
1000,0,8.46,-1.00
0,1000,-1.00,7.28
0,1000,-1.00,6.78
0,1000,-1.00,6.66
0,1000,-1.00,8.69
0,1000,-1.00,7.44
0,1000,-1.00,7.05
0,1000,-1.00,7.15
0,1000,-1.00,7.61
0,1000,-1.00,6.39
0,1000,-1.00,7.02
0,1000,-1.00,7.58
0,1000,-1.00,7.23
0,1000,-1.00,7.62
0,1000,-1.00,7.19
1000,0,10.57,-1.00
0,1000,-1.00,7.27
0,1000,-1.00,7.57
0,1000,-1.00,6.36
0,1000,-1.00,8.01
0,1000,-1.00,7.31
0,1000,-1.00,7.14
0,1000,-1.00,7.24
0,1000,-1.00,6.56
0,1000,-1.00,7.95
0,1000,-1.00,7.68
0,1000,-1.00,6.96
0,1000,-1.00,6.78
0,1000,-1.00,6.95
0,1000,-1.00,7.05
0,1000,-1.00,6.76
0,1000,-1.00,7.03
0,1000,-1.00,7.88
0,1000,-1.00,7.80
0,1000,-1.00,6.92
0,1000,-1.00,6.85
0,1000,-1.00,7.74
0,1000,-1.00,6.88
0,1000,-1.00,6.61
0,1000,-1.00,7.55
0,1000,-1.00,8.87
0,1000,-1.00,7.01
0,1000,-1.00,7.09
0,1000,-1.00,7.14
0,1000,-1.00,7.44
0,1000,-1.00,6.50
0,1000,-1.00,7.14
0,1000,-1.00,7.47
0,1000,-1.00,7.05
0,1000,-1.00,7.07
0,1000,-1.00,6.94
0,1000,-1.00,6.26
0,1000,-1.00,7.30
0,1000,-1.00,6.94
0,1000,-1.00,6.79
0,1000,-1.00,6.92
0,1000,-1.00,7.31
0,1000,-1.00,6.43
0,1000,-1.00,6.14
0,1000,-1.00,7.09
0,1000,-1.00,7.74
0,1000,-1.00,7.30
0,1000,-1.00,7.09
0,1000,-1.00,6.42
0,1000,-1.00,6.29
0,1000,-1.00,6.87
0,1000,-1.00,7.19
0,1000,-1.00,6.95
0,1000,-1.00,7.45
1000,0,8.74,-1.00
1000,0,8.51,-1.00
0,1000,-1.00,7.07
0,1000,-1.00,7.21
0,1000,-1.00,6.72
0,1000,-1.00,6.40
0,1000,-1.00,8.00
0,1000,-1.00,6.91
0,1000,-1.00,6.93
0,1000,-1.00,7.44
0,1000,-1.00,7.32
0,1000,-1.00,7.53
0,1000,-1.00,8.18
1000,0,8.10,-1.00
0,1000,-1.00,7.22
0,1000,-1.00,7.22
0,1000,-1.00,6.95
0,1000,-1.00,6.99
0,1000,-1.00,7.78
0,1000,-1.00,9.09
0,1000,-1.00,7.18
0,1000,-1.00,7.35
0,1000,-1.00,7.20
0,1000,-1.00,7.03
0,1000,-1.00,7.21
0,1000,-1.00,7.35
0,1000,-1.00,6.99
0,1000,-1.00,6.77
0,1000,-1.00,7.25
0,1000,-1.00,7.25
0,1000,-1.00,6.75
0,1000,-1.00,7.04
0,1000,-1.00,7.05
0,1000,-1.00,6.95
0,1000,-1.00,7.01
0,1000,-1.00,7.07
0,1000,-1.00,7.31
0,1000,-1.00,6.83
0,1000,-1.00,7.01
0,1000,-1.00,7.62
0,1000,-1.00,7.29
0,1000,-1.00,7.54
0,1000,-1.00,9.30
0,1000,-1.00,7.39
0,1000,-1.00,6.97
0,1000,-1.00,7.47
0,1000,-1.00,7.28
0,1000,-1.00,7.36
0,1000,-1.00,6.95
0,1000,-1.00,8.37
0,1000,-1.00,7.20
0,1000,-1.00,7.18
0,1000,-1.00,7.09
0,1000,-1.00,7.04
0,1000,-1.00,7.52
0,1000,-1.00,7.14
0,1000,-1.00,6.77
0,1000,-1.00,6.73
0,1000,-1.00,7.43
0,1000,-1.00,7.19
0,1000,-1.00,7.28
0,1000,-1.00,8.18
0,1000,-1.00,6.73
0,1000,-1.00,6.78
0,1000,-1.00,6.92
0,1000,-1.00,6.91
0,1000,-1.00,7.33
0,1000,-1.00,7.11
0,1000,-1.00,6.58
0,1000,-1.00,7.19
0,1000,-1.00,7.19
0,1000,-1.00,7.17
0,1000,-1.00,6.57
0,1000,-1.00,6.86
0,1000,-1.00,7.81
0,1000,-1.00,6.99
0,1000,-1.00,6.73
0,1000,-1.00,7.67
0,1000,-1.00,7.96
0,1000,-1.00,7.72
0,1000,-1.00,6.54
0,1000,-1.00,8.44
0,1000,-1.00,6.79
0,1000,-1.00,7.22
0,1000,-1.00,7.30
0,1000,-1.00,7.72
0,1000,-1.00,6.99
0,1000,-1.00,7.06
0,1000,-1.00,7.52
0,1000,-1.00,7.26
0,1000,-1.00,7.85
0,1000,-1.00,7.99
0,1000,-1.00,7.35
0,1000,-1.00,7.22
0,1000,-1.00,7.26
0,1000,-1.00,6.99
0,1000,-1.00,7.28
0,1000,-1.00,6.84
0,1000,-1.00,6.93
0,1000,-1.00,6.74
0,1000,-1.00,6.92
0,1000,-1.00,6.43
0,1000,-1.00,7.68
0,1000,-1.00,7.72
0,1000,-1.00,7.05
0,1000,-1.00,7.30
0,1000,-1.00,6.95
0,1000,-1.00,9.35
0,1000,-1.00,7.24
0,1000,-1.00,7.05
0,1000,-1.00,7.27
0,1000,-1.00,6.91
0,1000,-1.00,6.78
0,1000,-1.00,6.87
0,1000,-1.00,6.97
0,1000,-1.00,7.46
0,1000,-1.00,7.20
0,1000,-1.00,7.23
0,1000,-1.00,7.19
0,1000,-1.00,6.99
0,1000,-1.00,7.14
0,1000,-1.00,6.09
0,1000,-1.00,6.73
0,1000,-1.00,7.53
0,1000,-1.00,6.87
0,1000,-1.00,8.13
0,1000,-1.00,7.61
0,1000,-1.00,7.34
0,1000,-1.00,7.90
0,1000,-1.00,8.20
0,1000,-1.00,7.46
0,1000,-1.00,7.97
0,1000,-1.00,7.05
0,1000,-1.00,7.30
0,1000,-1.00,6.86
0,1000,-1.00,6.66
1000,0,9.59,-1.00
0,1000,-1.00,7.56
0,1000,-1.00,7.39
0,1000,-1.00,7.44
0,1000,-1.00,8.12
0,1000,-1.00,6.94
0,1000,-1.00,7.79
0,1000,-1.00,7.11
0,1000,-1.00,8.01
0,1000,-1.00,7.71
0,1000,-1.00,7.33
0,1000,-1.00,7.84
0,1000,-1.00,7.52
0,1000,-1.00,6.97
0,1000,-1.00,6.89
0,1000,-1.00,6.48
0,1000,-1.00,7.80
0,1000,-1.00,6.97
0,1000,-1.00,7.03
0,1000,-1.00,6.79
1000,0,9.24,-1.00
0,1000,-1.00,7.28
0,1000,-1.00,7.45
0,1000,-1.00,7.39
0,1000,-1.00,7.27
0,1000,-1.00,6.91
0,1000,-1.00,6.97
0,1000,-1.00,7.15
0,1000,-1.00,6.78
0,1000,-1.00,6.91
0,1000,-1.00,7.55
0,1000,-1.00,7.22
0,1000,-1.00,7.15
0,1000,-1.00,7.57
0,1000,-1.00,7.27
0,1000,-1.00,6.82
0,1000,-1.00,6.44
0,1000,-1.00,8.12
0,1000,-1.00,7.11
0,1000,-1.00,7.41
0,1000,-1.00,7.29
0,1000,-1.00,6.97
0,1000,-1.00,6.93
0,1000,-1.00,6.78
1000,0,9.25,-1.00
0,1000,-1.00,8.24
0,1000,-1.00,6.68
0,1000,-1.00,9.79
0,1000,-1.00,7.22
0,1000,-1.00,6.82
0,1000,-1.00,6.99
0,1000,-1.00,6.36
0,1000,-1.00,7.00
0,1000,-1.00,7.53
0,1000,-1.00,6.77
0,1000,-1.00,7.48
0,1000,-1.00,7.23
0,1000,-1.00,6.83
0,1000,-1.00,6.40
0,1000,-1.00,7.39
0,1000,-1.00,6.94
0,1000,-1.00,7.19
0,1000,-1.00,7.05
1000,0,8.81,-1.00
0,1000,-1.00,6.70
0,1000,-1.00,8.05
0,1000,-1.00,6.72
0,1000,-1.00,7.60
0,1000,-1.00,7.35
0,1000,-1.00,6.69
0,1000,-1.00,6.73
0,1000,-1.00,7.82
0,1000,-1.00,7.46
0,1000,-1.00,7.47
0,1000,-1.00,6.89
0,1000,-1.00,7.46
0,1000,-1.00,7.21
0,1000,-1.00,7.67
0,1000,-1.00,7.64
0,1000,-1.00,6.88
0,1000,-1.00,7.40
0,1000,-1.00,6.59
0,1000,-1.00,7.51
0,1000,-1.00,7.03
0,1000,-1.00,7.25
0,1000,-1.00,7.40
0,1000,-1.00,6.89
0,1000,-1.00,8.45
0,1000,-1.00,7.15
0,1000,-1.00,6.64
0,1000,-1.00,6.94
0,1000,-1.00,6.59
0,1000,-1.00,6.82
0,1000,-1.00,6.47
0,1000,-1.00,6.97
0,1000,-1.00,8.20
0,1000,-1.00,6.79
0,1000,-1.00,6.78
1000,0,9.42,-1.00
0,1000,-1.00,8.16
0,1000,-1.00,6.65
0,1000,-1.00,7.30
1000,0,9.73,-1.00
1000,0,10.00,-1.00
0,1000,-1.00,6.58
1000,0,7.36,-1.00
0,1000,-1.00,7.74
0,1000,-1.00,7.82
0,1000,-1.00,7.51
0,1000,-1.00,6.88
0,1000,-1.00,7.09
0,1000,-1.00,6.95
0,1000,-1.00,7.01
0,1000,-1.00,7.15
0,1000,-1.00,7.13
0,1000,-1.00,6.70
0,1000,-1.00,6.60
0,1000,-1.00,7.38
0,1000,-1.00,8.38
0,1000,-1.00,7.06
0,1000,-1.00,7.23
0,1000,-1.00,6.57
0,1000,-1.00,7.01
0,1000,-1.00,7.52
0,1000,-1.00,7.22
0,1000,-1.00,7.06
0,1000,-1.00,6.74
0,1000,-1.00,6.82
0,1000,-1.00,7.08
0,1000,-1.00,7.57
0,1000,-1.00,6.84
0,1000,-1.00,7.11
0,1000,-1.00,7.06
0,1000,-1.00,7.69
0,1000,-1.00,7.11
0,1000,-1.00,7.03
0,1000,-1.00,7.09
0,1000,-1.00,7.34
0,1000,-1.00,7.07
0,1000,-1.00,7.31
0,1000,-1.00,7.39
0,1000,-1.00,7.29
0,1000,-1.00,6.99
0,1000,-1.00,7.11
0,1000,-1.00,8.26
0,1000,-1.00,7.05
0,1000,-1.00,7.18
0,1000,-1.00,7.69
0,1000,-1.00,7.26
0,1000,-1.00,7.66
0,1000,-1.00,7.44
0,1000,-1.00,7.08
0,1000,-1.00,6.30
0,1000,-1.00,6.94
0,1000,-1.00,7.64
0,1000,-1.00,7.58
0,1000,-1.00,7.10
0,1000,-1.00,7.07
0,1000,-1.00,6.77
0,1000,-1.00,6.55
0,1000,-1.00,6.83
0,1000,-1.00,6.85
0,1000,-1.00,7.27
1000,0,9.86,-1.00
0,1000,-1.00,6.72
0,1000,-1.00,7.17
0,1000,-1.00,7.82
0,1000,-1.00,7.49
0,1000,-1.00,8.40
0,1000,-1.00,7.53
0,1000,-1.00,7.59
0,1000,-1.00,7.03
0,1000,-1.00,7.40
0,1000,-1.00,6.96
0,1000,-1.00,6.86
0,1000,-1.00,6.52
0,1000,-1.00,6.73
0,1000,-1.00,7.51
0,1000,-1.00,6.76
0,1000,-1.00,6.70
0,1000,-1.00,6.50
0,1000,-1.00,7.42
0,1000,-1.00,6.93
0,1000,-1.00,6.86
0,1000,-1.00,7.01
0,1000,-1.00,6.79
0,1000,-1.00,7.04
0,1000,-1.00,7.01
0,1000,-1.00,7.45
0,1000,-1.00,6.84
0,1000,-1.00,7.52
0,1000,-1.00,7.30
0,1000,-1.00,6.70
0,1000,-1.00,8.12
0,1000,-1.00,7.62
0,1000,-1.00,8.20
0,1000,-1.00,8.37
1000,0,8.54,-1.00
0,1000,-1.00,7.20
0,1000,-1.00,7.36
0,1000,-1.00,7.02
0,1000,-1.00,7.30
0,1000,-1.00,7.90
0,1000,-1.00,7.54
0,1000,-1.00,7.58
0,1000,-1.00,7.03
0,1000,-1.00,7.35
0,1000,-1.00,7.32
0,1000,-1.00,7.49
0,1000,-1.00,7.04
0,1000,-1.00,6.97
0,1000,-1.00,7.45
0,1000,-1.00,6.92
0,1000,-1.00,8.66
0,1000,-1.00,7.46
0,1000,-1.00,7.66
0,1000,-1.00,6.89
0,1000,-1.00,6.85
0,1000,-1.00,8.53
0,1000,-1.00,6.72
0,1000,-1.00,7.08
0,1000,-1.00,7.06
0,1000,-1.00,7.13
0,1000,-1.00,7.43
0,1000,-1.00,7.36
0,1000,-1.00,6.66
0,1000,-1.00,7.41
0,1000,-1.00,6.90
0,1000,-1.00,6.95
0,1000,-1.00,7.35
0,1000,-1.00,6.51
0,1000,-1.00,6.79
0,1000,-1.00,6.59
0,1000,-1.00,8.36
0,1000,-1.00,6.63
0,1000,-1.00,7.45
0,1000,-1.00,7.96
0,1000,-1.00,6.88
0,1000,-1.00,6.69
0,1000,-1.00,6.99
0,1000,-1.00,6.98
0,1000,-1.00,7.47
0,1000,-1.00,7.14
0,1000,-1.00,8.27
0,1000,-1.00,6.58
0,1000,-1.00,7.48
0,1000,-1.00,6.87
0,1000,-1.00,7.99
0,1000,-1.00,7.57
0,1000,-1.00,7.44
0,1000,-1.00,8.05
0,1000,-1.00,7.54
0,1000,-1.00,7.02
0,1000,-1.00,7.18
0,1000,-1.00,7.00
0,1000,-1.00,7.04
0,1000,-1.00,7.18
0,1000,-1.00,7.14
0,1000,-1.00,7.77
0,1000,-1.00,6.82
1000,0,9.23,-1.00
0,1000,-1.00,8.68
0,1000,-1.00,7.53
0,1000,-1.00,7.62
0,1000,-1.00,7.34
0,1000,-1.00,7.72
0,1000,-1.00,7.25
0,1000,-1.00,6.84
0,1000,-1.00,7.44
0,1000,-1.00,7.06
0,1000,-1.00,6.93
0,1000,-1.00,7.40
0,1000,-1.00,6.68
0,1000,-1.00,6.90
0,1000,-1.00,7.38
0,1000,-1.00,7.01
0,1000,-1.00,7.19
0,1000,-1.00,7.80
0,1000,-1.00,6.48
0,1000,-1.00,6.94
0,1000,-1.00,7.84
0,1000,-1.00,7.10
0,1000,-1.00,6.34
0,1000,-1.00,7.49
1000,0,8.39,-1.00
0,1000,-1.00,7.25
0,1000,-1.00,7.03
0,1000,-1.00,7.47
0,1000,-1.00,7.78
0,1000,-1.00,7.27
0,1000,-1.00,6.94
0,1000,-1.00,7.35
0,1000,-1.00,6.92
0,1000,-1.00,7.14
0,1000,-1.00,7.25
0,1000,-1.00,6.88
0,1000,-1.00,8.19
0,1000,-1.00,7.34
0,1000,-1.00,6.66
0,1000,-1.00,6.87
0,1000,-1.00,8.56
0,1000,-1.00,6.68
0,1000,-1.00,6.85
0,1000,-1.00,6.60
0,1000,-1.00,6.82
0,1000,-1.00,7.07
0,1000,-1.00,7.96
0,1000,-1.00,7.09
0,1000,-1.00,6.93
0,1000,-1.00,7.36
0,1000,-1.00,6.77
0,1000,-1.00,6.75
0,1000,-1.00,7.13
0,1000,-1.00,7.49
0,1000,-1.00,7.21
0,1000,-1.00,6.84
0,1000,-1.00,8.22
0,1000,-1.00,7.12
0,1000,-1.00,8.27
0,1000,-1.00,8.23
0,1000,-1.00,7.31
0,1000,-1.00,7.08
0,1000,-1.00,7.31
0,1000,-1.00,8.06
0,1000,-1.00,7.55
0,1000,-1.00,6.80
0,1000,-1.00,7.74
0,1000,-1.00,6.62
0,1000,-1.00,7.13
0,1000,-1.00,7.84
0,1000,-1.00,7.34
1000,0,8.70,-1.00
0,1000,-1.00,6.84
0,1000,-1.00,7.26
0,1000,-1.00,6.76
1000,0,10.09,-1.00
0,1000,-1.00,7.51
0,1000,-1.00,6.97
0,1000,-1.00,7.43
0,1000,-1.00,7.45
0,1000,-1.00,8.14
0,1000,-1.00,7.85
0,1000,-1.00,7.22
0,1000,-1.00,7.06
0,1000,-1.00,7.01
0,1000,-1.00,7.38
0,1000,-1.00,7.36
0,1000,-1.00,6.63
0,1000,-1.00,7.36
0,1000,-1.00,6.44
0,1000,-1.00,7.46
0,1000,-1.00,7.33
0,1000,-1.00,6.80
0,1000,-1.00,7.54
0,1000,-1.00,7.74
0,1000,-1.00,6.79
0,1000,-1.00,7.18
0,1000,-1.00,7.04
1000,0,11.12,-1.00
0,1000,-1.00,8.95
0,1000,-1.00,7.07
0,1000,-1.00,7.29
0,1000,-1.00,7.39
0,1000,-1.00,7.22
0,1000,-1.00,6.98
0,1000,-1.00,7.41
0,1000,-1.00,7.03
0,1000,-1.00,7.16
0,1000,-1.00,6.73
0,1000,-1.00,6.99
0,1000,-1.00,7.34
0,1000,-1.00,6.75
0,1000,-1.00,8.01
0,1000,-1.00,7.85
0,1000,-1.00,7.39
0,1000,-1.00,6.80
0,1000,-1.00,8.17
0,1000,-1.00,7.59
0,1000,-1.00,6.77
0,1000,-1.00,7.60
0,1000,-1.00,7.82
0,1000,-1.00,7.56
0,1000,-1.00,7.17
0,1000,-1.00,6.77
0,1000,-1.00,6.82
0,1000,-1.00,6.67
0,1000,-1.00,7.79
0,1000,-1.00,7.26
0,1000,-1.00,7.17
0,1000,-1.00,7.80
0,1000,-1.00,7.46
0,1000,-1.00,7.68
0,1000,-1.00,7.14
0,1000,-1.00,6.80
0,1000,-1.00,6.83
0,1000,-1.00,7.62
0,1000,-1.00,6.81
1000,0,9.88,-1.00
0,1000,-1.00,6.44
0,1000,-1.00,7.90
0,1000,-1.00,6.96
0,1000,-1.00,6.79
0,1000,-1.00,6.95
0,1000,-1.00,7.01
0,1000,-1.00,6.73
0,1000,-1.00,7.52
0,1000,-1.00,8.03
0,1000,-1.00,7.71
0,1000,-1.00,7.49
0,1000,-1.00,6.84
1000,0,8.92,-1.00
0,1000,-1.00,6.91
0,1000,-1.00,7.11
0,1000,-1.00,7.64
0,1000,-1.00,7.66
0,1000,-1.00,7.05
0,1000,-1.00,7.89
0,1000,-1.00,7.41
1000,0,8.74,-1.00
0,1000,-1.00,7.28
1000,0,9.29,-1.00
0,1000,-1.00,6.56
0,1000,-1.00,8.36
0,1000,-1.00,8.03
0,1000,-1.00,8.69
0,1000,-1.00,6.80
0,1000,-1.00,6.74
0,1000,-1.00,7.37
0,1000,-1.00,6.78
0,1000,-1.00,7.93
0,1000,-1.00,9.44
0,1000,-1.00,6.81
0,1000,-1.00,6.94
0,1000,-1.00,8.07
0,1000,-1.00,7.22
0,1000,-1.00,7.29
0,1000,-1.00,7.27
0,1000,-1.00,7.05
0,1000,-1.00,7.07
0,1000,-1.00,6.88
0,1000,-1.00,7.49
0,1000,-1.00,7.06
0,1000,-1.00,7.16
0,1000,-1.00,6.80
0,1000,-1.00,6.94
0,1000,-1.00,7.89
0,1000,-1.00,7.89
0,1000,-1.00,7.05
0,1000,-1.00,7.22
0,1000,-1.00,7.01
0,1000,-1.00,6.69
0,1000,-1.00,6.73
0,1000,-1.00,6.96
0,1000,-1.00,6.52
0,1000,-1.00,6.67
1000,0,9.90,-1.00
0,1000,-1.00,6.76
0,1000,-1.00,7.12
1000,0,10.02,-1.00
0,1000,-1.00,6.91
0,1000,-1.00,6.83
0,1000,-1.00,6.90
0,1000,-1.00,7.28
0,1000,-1.00,7.34
0,1000,-1.00,6.80
0,1000,-1.00,7.52
0,1000,-1.00,7.41
0,1000,-1.00,6.78
0,1000,-1.00,8.27
0,1000,-1.00,8.39
0,1000,-1.00,7.90
0,1000,-1.00,7.42
0,1000,-1.00,7.86
0,1000,-1.00,6.67
0,1000,-1.00,7.14
0,1000,-1.00,6.84
0,1000,-1.00,7.92
0,1000,-1.00,7.07
0,1000,-1.00,7.03
0,1000,-1.00,8.16
0,1000,-1.00,6.62
0,1000,-1.00,7.25
0,1000,-1.00,6.95
0,1000,-1.00,7.48
0,1000,-1.00,6.84
0,1000,-1.00,7.05
0,1000,-1.00,8.41
0,1000,-1.00,7.72
0,1000,-1.00,6.71
0,1000,-1.00,7.72
0,1000,-1.00,6.98
0,1000,-1.00,7.55
0,1000,-1.00,7.30
0,1000,-1.00,7.74
0,1000,-1.00,6.99
0,1000,-1.00,6.65
0,1000,-1.00,6.85
0,1000,-1.00,6.99
0,1000,-1.00,7.66
0,1000,-1.00,7.27
0,1000,-1.00,7.03
0,1000,-1.00,7.84
0,1000,-1.00,8.13
0,1000,-1.00,7.43
0,1000,-1.00,7.64
0,1000,-1.00,7.01
0,1000,-1.00,7.49
0,1000,-1.00,7.29
0,1000,-1.00,6.83
0,1000,-1.00,6.81
0,1000,-1.00,7.46
1000,0,9.55,-1.00
0,1000,-1.00,7.43
0,1000,-1.00,7.24
1000,0,8.70,-1.00
0,1000,-1.00,6.97
0,1000,-1.00,6.73
0,1000,-1.00,6.39
0,1000,-1.00,7.66
0,1000,-1.00,6.86
0,1000,-1.00,6.94
0,1000,-1.00,7.20
0,1000,-1.00,7.91
0,1000,-1.00,6.86
0,1000,-1.00,9.10
0,1000,-1.00,7.39
0,1000,-1.00,8.58
0,1000,-1.00,7.17
0,1000,-1.00,7.71
0,1000,-1.00,6.75
0,1000,-1.00,7.03
0,1000,-1.00,7.07
0,1000,-1.00,6.36
0,1000,-1.00,7.21
0,1000,-1.00,7.39
0,1000,-1.00,8.14
0,1000,-1.00,7.43
0,1000,-1.00,6.90
0,1000,-1.00,7.29
0,1000,-1.00,6.65
0,1000,-1.00,7.74
0,1000,-1.00,7.12
0,1000,-1.00,7.63
0,1000,-1.00,6.71
0,1000,-1.00,6.72
0,1000,-1.00,6.56
0,1000,-1.00,6.88
0,1000,-1.00,6.51
0,1000,-1.00,6.84
0,1000,-1.00,7.69
0,1000,-1.00,7.23
0,1000,-1.00,7.37
0,1000,-1.00,6.73
0,1000,-1.00,8.64
0,1000,-1.00,7.61
0,1000,-1.00,6.52
0,1000,-1.00,7.30
0,1000,-1.00,7.42
0,1000,-1.00,7.74
0,1000,-1.00,6.49
0,1000,-1.00,6.88
0,1000,-1.00,7.57
0,1000,-1.00,6.75
0,1000,-1.00,7.67
0,1000,-1.00,6.51
0,1000,-1.00,6.70
0,1000,-1.00,7.17
0,1000,-1.00,7.63
0,1000,-1.00,8.03
0,1000,-1.00,6.75
0,1000,-1.00,6.87
0,1000,-1.00,7.46
0,1000,-1.00,7.11
0,1000,-1.00,7.69
0,1000,-1.00,7.11
0,1000,-1.00,7.30
0,1000,-1.00,7.44
0,1000,-1.00,7.06
0,1000,-1.00,6.56
0,1000,-1.00,7.11
0,1000,-1.00,7.27
0,1000,-1.00,8.36
0,1000,-1.00,7.32
0,1000,-1.00,6.78
0,1000,-1.00,6.65
0,1000,-1.00,7.63
0,1000,-1.00,7.86
0,1000,-1.00,7.65
0,1000,-1.00,6.36
0,1000,-1.00,8.18
0,1000,-1.00,6.95
0,1000,-1.00,7.19
0,1000,-1.00,7.74
0,1000,-1.00,6.47
0,1000,-1.00,7.05
0,1000,-1.00,7.20
0,1000,-1.00,7.08
1000,0,9.63,-1.00
0,1000,-1.00,7.88
0,1000,-1.00,7.83
0,1000,-1.00,6.71
0,1000,-1.00,7.19
0,1000,-1.00,7.10
0,1000,-1.00,6.61
0,1000,-1.00,6.71
0,1000,-1.00,7.49
0,1000,-1.00,7.42
0,1000,-1.00,7.43
0,1000,-1.00,6.99
0,1000,-1.00,7.90
0,1000,-1.00,7.20
0,1000,-1.00,6.91
0,1000,-1.00,7.26
0,1000,-1.00,7.53
0,1000,-1.00,6.75
0,1000,-1.00,7.88
0,1000,-1.00,7.53
0,1000,-1.00,7.03
0,1000,-1.00,7.58
0,1000,-1.00,6.73
0,1000,-1.00,8.15
0,1000,-1.00,7.10
0,1000,-1.00,7.30
0,1000,-1.00,6.98
0,1000,-1.00,7.59
0,1000,-1.00,7.81
0,1000,-1.00,6.81
0,1000,-1.00,8.59
0,1000,-1.00,8.30
0,1000,-1.00,6.74
0,1000,-1.00,6.89
0,1000,-1.00,7.25
0,1000,-1.00,7.04
0,1000,-1.00,6.76
0,1000,-1.00,7.31
0,1000,-1.00,7.05
0,1000,-1.00,7.82
0,1000,-1.00,7.02
0,1000,-1.00,7.50
0,1000,-1.00,7.35
0,1000,-1.00,7.13
0,1000,-1.00,7.59
0,1000,-1.00,7.25
0,1000,-1.00,6.80
0,1000,-1.00,7.27
0,1000,-1.00,6.76
0,1000,-1.00,6.37
0,1000,-1.00,7.06
0,1000,-1.00,7.06
1000,0,10.17,-1.00
0,1000,-1.00,7.29
0,1000,-1.00,7.17
0,1000,-1.00,6.58
0,1000,-1.00,7.11
0,1000,-1.00,6.60
0,1000,-1.00,6.81
0,1000,-1.00,6.47
0,1000,-1.00,7.10
0,1000,-1.00,7.77
0,1000,-1.00,7.20
0,1000,-1.00,6.95
0,1000,-1.00,7.34
0,1000,-1.00,6.74
0,1000,-1.00,6.45
0,1000,-1.00,7.26
0,1000,-1.00,6.95
0,1000,-1.00,7.83
0,1000,-1.00,7.38
0,1000,-1.00,7.24
1000,0,10.97,-1.00
0,1000,-1.00,7.36
0,1000,-1.00,7.03
0,1000,-1.00,6.81
0,1000,-1.00,7.14
0,1000,-1.00,6.88
0,1000,-1.00,7.29
0,1000,-1.00,6.81
0,1000,-1.00,7.15
0,1000,-1.00,7.65
0,1000,-1.00,7.46
0,1000,-1.00,7.81
0,1000,-1.00,7.05
0,1000,-1.00,7.55
0,1000,-1.00,7.01
0,1000,-1.00,7.48
0,1000,-1.00,7.97
0,1000,-1.00,6.58
0,1000,-1.00,7.11
0,1000,-1.00,7.54
0,1000,-1.00,7.53
0,1000,-1.00,7.07
0,1000,-1.00,7.22
0,1000,-1.00,7.62
0,1000,-1.00,6.72
0,1000,-1.00,7.86
0,1000,-1.00,6.78
0,1000,-1.00,7.75
0,1000,-1.00,8.46
0,1000,-1.00,6.82
0,1000,-1.00,6.70
0,1000,-1.00,7.86
0,1000,-1.00,6.81
0,1000,-1.00,7.11
0,1000,-1.00,7.02
0,1000,-1.00,8.11
0,1000,-1.00,7.79
0,1000,-1.00,8.22
0,1000,-1.00,6.92
0,1000,-1.00,6.92
0,1000,-1.00,7.12
0,1000,-1.00,7.39
0,1000,-1.00,7.20
0,1000,-1.00,6.68
0,1000,-1.00,7.66
0,1000,-1.00,7.90
0,1000,-1.00,7.07
0,1000,-1.00,7.17
0,1000,-1.00,6.83
0,1000,-1.00,6.72
0,1000,-1.00,6.54
0,1000,-1.00,6.76
0,1000,-1.00,6.98
0,1000,-1.00,7.50
0,1000,-1.00,6.36
0,1000,-1.00,7.45
0,1000,-1.00,7.16
0,1000,-1.00,6.85
0,1000,-1.00,7.24
0,1000,-1.00,6.43
0,1000,-1.00,8.08
0,1000,-1.00,7.66
0,1000,-1.00,6.38
0,1000,-1.00,6.80
0,1000,-1.00,6.91
0,1000,-1.00,7.40
0,1000,-1.00,7.58
0,1000,-1.00,6.94
0,1000,-1.00,6.62
0,1000,-1.00,7.34
0,1000,-1.00,7.08
0,1000,-1.00,7.68
0,1000,-1.00,7.27
0,1000,-1.00,7.63
0,1000,-1.00,7.30
0,1000,-1.00,7.18
0,1000,-1.00,6.30
0,1000,-1.00,7.50
0,1000,-1.00,6.66
0,1000,-1.00,7.59
0,1000,-1.00,6.92
0,1000,-1.00,6.89
0,1000,-1.00,6.97
0,1000,-1.00,7.06
0,1000,-1.00,7.62
0,1000,-1.00,8.00
0,1000,-1.00,7.92
0,1000,-1.00,7.88
0,1000,-1.00,7.20
0,1000,-1.00,6.67
0,1000,-1.00,7.91
0,1000,-1.00,6.49
0,1000,-1.00,6.98
0,1000,-1.00,6.61
0,1000,-1.00,7.27
0,1000,-1.00,7.46
0,1000,-1.00,7.45
0,1000,-1.00,6.73
0,1000,-1.00,7.21
0,1000,-1.00,7.90
0,1000,-1.00,7.57
0,1000,-1.00,7.17
0,1000,-1.00,7.01
0,1000,-1.00,7.20
0,1000,-1.00,6.89
0,1000,-1.00,7.57
0,1000,-1.00,6.90
0,1000,-1.00,6.83
0,1000,-1.00,6.73
0,1000,-1.00,6.73
0,1000,-1.00,7.34
0,1000,-1.00,6.95
0,1000,-1.00,7.15
0,1000,-1.00,7.69
0,1000,-1.00,8.22
0,1000,-1.00,6.90
0,1000,-1.00,7.07
0,1000,-1.00,7.20
0,1000,-1.00,7.07
0,1000,-1.00,6.54
0,1000,-1.00,7.13
0,1000,-1.00,8.20
0,1000,-1.00,7.66
0,1000,-1.00,6.40
0,1000,-1.00,7.64
0,1000,-1.00,7.26
0,1000,-1.00,6.44
0,1000,-1.00,7.47
0,1000,-1.00,7.56
0,1000,-1.00,7.26
0,1000,-1.00,7.72
0,1000,-1.00,6.90
0,1000,-1.00,7.17
0,1000,-1.00,7.86
0,1000,-1.00,6.62
0,1000,-1.00,7.28
0,1000,-1.00,6.61
0,1000,-1.00,6.81
0,1000,-1.00,7.13
0,1000,-1.00,7.44
0,1000,-1.00,7.04
0,1000,-1.00,7.34
0,1000,-1.00,6.69
0,1000,-1.00,7.49
0,1000,-1.00,7.11
0,1000,-1.00,6.75
0,1000,-1.00,7.01
0,1000,-1.00,7.58
0,1000,-1.00,8.12
0,1000,-1.00,7.17
0,1000,-1.00,6.74
0,1000,-1.00,7.42
0,1000,-1.00,6.94
0,1000,-1.00,6.86
0,1000,-1.00,7.81
0,1000,-1.00,7.04
0,1000,-1.00,7.15
0,1000,-1.00,6.77
0,1000,-1.00,7.42
0,1000,-1.00,7.91
0,1000,-1.00,7.17
0,1000,-1.00,7.26
0,1000,-1.00,7.73
0,1000,-1.00,7.63
0,1000,-1.00,6.99
0,1000,-1.00,7.35
1000,0,8.76,-1.00
0,1000,-1.00,6.74
0,1000,-1.00,6.86
0,1000,-1.00,7.05
0,1000,-1.00,7.89
0,1000,-1.00,6.52
0,1000,-1.00,9.12
0,1000,-1.00,7.78
0,1000,-1.00,7.78
0,1000,-1.00,6.94
0,1000,-1.00,7.25
1000,0,9.92,-1.00
0,1000,-1.00,8.35
0,1000,-1.00,7.02
0,1000,-1.00,6.94
0,1000,-1.00,7.63
0,1000,-1.00,6.59
0,1000,-1.00,6.55
0,1000,-1.00,8.06
0,1000,-1.00,6.44
0,1000,-1.00,6.81
0,1000,-1.00,7.22
0,1000,-1.00,6.66
0,1000,-1.00,7.30
0,1000,-1.00,7.39
0,1000,-1.00,7.10
0,1000,-1.00,7.16
0,1000,-1.00,8.10
0,1000,-1.00,7.06
0,1000,-1.00,8.61
0,1000,-1.00,8.69
0,1000,-1.00,7.38
0,1000,-1.00,8.87
0,1000,-1.00,6.48
0,1000,-1.00,7.35
0,1000,-1.00,7.35
0,1000,-1.00,6.80
0,1000,-1.00,6.50
0,1000,-1.00,7.07
0,1000,-1.00,7.03
0,1000,-1.00,7.59
0,1000,-1.00,6.80
0,1000,-1.00,7.25
0,1000,-1.00,7.04
0,1000,-1.00,7.19
0,1000,-1.00,7.46
0,1000,-1.00,6.60
0,1000,-1.00,7.01
0,1000,-1.00,6.81
0,1000,-1.00,7.37
0,1000,-1.00,7.34
0,1000,-1.00,7.55
0,1000,-1.00,6.46
0,1000,-1.00,7.42
0,1000,-1.00,7.77
0,1000,-1.00,7.75
0,1000,-1.00,7.27
0,1000,-1.00,6.98
0,1000,-1.00,8.11
0,1000,-1.00,6.92
0,1000,-1.00,6.55
0,1000,-1.00,6.79
0,1000,-1.00,7.08
0,1000,-1.00,6.93
1000,0,9.17,-1.00
0,1000,-1.00,6.82
0,1000,-1.00,7.04
0,1000,-1.00,7.47
0,1000,-1.00,8.11
0,1000,-1.00,7.82
0,1000,-1.00,6.80
0,1000,-1.00,6.59
0,1000,-1.00,6.94
0,1000,-1.00,6.95
0,1000,-1.00,7.87
0,1000,-1.00,7.26
0,1000,-1.00,7.17
0,1000,-1.00,6.66
0,1000,-1.00,6.77
0,1000,-1.00,7.40
0,1000,-1.00,6.79
0,1000,-1.00,7.41
0,1000,-1.00,7.85
0,1000,-1.00,6.98
0,1000,-1.00,7.24
0,1000,-1.00,7.23
0,1000,-1.00,7.54
0,1000,-1.00,6.71
0,1000,-1.00,7.04
0,1000,-1.00,7.27
0,1000,-1.00,7.31
0,1000,-1.00,6.65
0,1000,-1.00,6.78
0,1000,-1.00,7.14
0,1000,-1.00,7.10
0,1000,-1.00,6.62
0,1000,-1.00,7.40
0,1000,-1.00,6.69
0,1000,-1.00,7.38
0,1000,-1.00,7.59
0,1000,-1.00,8.02
0,1000,-1.00,7.30
0,1000,-1.00,7.14
0,1000,-1.00,7.21
0,1000,-1.00,7.14
0,1000,-1.00,6.64
0,1000,-1.00,7.30
0,1000,-1.00,7.58
0,1000,-1.00,6.61
0,1000,-1.00,6.94
0,1000,-1.00,6.90
0,1000,-1.00,7.73
0,1000,-1.00,7.20
0,1000,-1.00,7.21
0,1000,-1.00,6.85
0,1000,-1.00,7.49
0,1000,-1.00,6.43
0,1000,-1.00,7.60
0,1000,-1.00,6.88
0,1000,-1.00,7.49
0,1000,-1.00,6.46
0,1000,-1.00,7.25
0,1000,-1.00,7.58
0,1000,-1.00,6.91
0,1000,-1.00,8.35
0,1000,-1.00,6.68
0,1000,-1.00,9.55
0,1000,-1.00,7.67
0,1000,-1.00,6.28
0,1000,-1.00,8.74
0,1000,-1.00,6.97
0,1000,-1.00,6.43
0,1000,-1.00,7.55
0,1000,-1.00,7.00
0,1000,-1.00,7.23
0,1000,-1.00,6.96
0,1000,-1.00,7.36
0,1000,-1.00,6.53
0,1000,-1.00,7.61
0,1000,-1.00,8.12
0,1000,-1.00,7.18
0,1000,-1.00,7.06
0,1000,-1.00,7.08
0,1000,-1.00,7.64
0,1000,-1.00,6.37
0,1000,-1.00,7.43
0,1000,-1.00,6.90
0,1000,-1.00,6.70
0,1000,-1.00,7.45
0,1000,-1.00,7.39
0,1000,-1.00,7.50
0,1000,-1.00,7.40
0,1000,-1.00,6.53
0,1000,-1.00,6.79
0,1000,-1.00,7.61
0,1000,-1.00,7.56
0,1000,-1.00,7.52
1000,0,10.68,-1.00
0,1000,-1.00,6.87
0,1000,-1.00,6.76
0,1000,-1.00,9.23
0,1000,-1.00,7.29
0,1000,-1.00,6.63
0,1000,-1.00,7.07
0,1000,-1.00,8.44
0,1000,-1.00,7.78
0,1000,-1.00,6.98
0,1000,-1.00,7.64
0,1000,-1.00,6.96
0,1000,-1.00,6.71
0,1000,-1.00,7.10
0,1000,-1.00,6.70
0,1000,-1.00,8.93
0,1000,-1.00,8.94
0,1000,-1.00,7.29
0,1000,-1.00,8.18
0,1000,-1.00,7.62
0,1000,-1.00,7.14
0,1000,-1.00,6.78
0,1000,-1.00,6.63
0,1000,-1.00,7.21
0,1000,-1.00,7.28
0,1000,-1.00,6.94
0,1000,-1.00,7.02
0,1000,-1.00,7.91
0,1000,-1.00,7.23
0,1000,-1.00,8.79
0,1000,-1.00,6.64
0,1000,-1.00,7.19
0,1000,-1.00,6.90
0,1000,-1.00,9.18
0,1000,-1.00,6.79
0,1000,-1.00,7.71
0,1000,-1.00,7.18
0,1000,-1.00,6.66
0,1000,-1.00,7.12
0,1000,-1.00,7.37
0,1000,-1.00,7.20
0,1000,-1.00,6.90
0,1000,-1.00,6.89
0,1000,-1.00,7.35
0,1000,-1.00,7.26
0,1000,-1.00,6.86
0,1000,-1.00,7.70
0,1000,-1.00,6.92
0,1000,-1.00,7.05
0,1000,-1.00,7.20
0,1000,-1.00,8.14
0,1000,-1.00,7.09
0,1000,-1.00,7.32
1000,0,9.25,-1.00
0,1000,-1.00,7.20
1000,0,10.23,-1.00
0,1000,-1.00,8.03
0,1000,-1.00,6.91
0,1000,-1.00,7.09
0,1000,-1.00,7.24
0,1000,-1.00,6.97
0,1000,-1.00,8.71
0,1000,-1.00,8.39
0,1000,-1.00,7.29
0,1000,-1.00,7.68
0,1000,-1.00,7.44
0,1000,-1.00,6.73
0,1000,-1.00,6.98
0,1000,-1.00,6.99
0,1000,-1.00,6.77
0,1000,-1.00,7.75
0,1000,-1.00,6.63
0,1000,-1.00,7.11
0,1000,-1.00,7.00
0,1000,-1.00,6.94
0,1000,-1.00,7.15
0,1000,-1.00,7.88
0,1000,-1.00,6.99
0,1000,-1.00,7.67
0,1000,-1.00,7.50
0,1000,-1.00,7.26
0,1000,-1.00,8.18
0,1000,-1.00,7.32
0,1000,-1.00,6.94
0,1000,-1.00,6.93
0,1000,-1.00,6.93
0,1000,-1.00,6.91
0,1000,-1.00,6.80
0,1000,-1.00,7.38
0,1000,-1.00,6.83
0,1000,-1.00,7.20
0,1000,-1.00,7.09
0,1000,-1.00,8.52
0,1000,-1.00,6.95
0,1000,-1.00,6.73
0,1000,-1.00,7.73
0,1000,-1.00,7.30
0,1000,-1.00,7.25
1000,0,9.06,-1.00
0,1000,-1.00,6.85
0,1000,-1.00,6.97
0,1000,-1.00,7.37
0,1000,-1.00,6.61
0,1000,-1.00,6.91
0,1000,-1.00,7.54
0,1000,-1.00,7.62
0,1000,-1.00,7.56
0,1000,-1.00,7.56
0,1000,-1.00,7.92
0,1000,-1.00,6.73
0,1000,-1.00,7.14
0,1000,-1.00,7.49
0,1000,-1.00,7.18
0,1000,-1.00,7.01
0,1000,-1.00,7.08
0,1000,-1.00,7.11
0,1000,-1.00,7.34
0,1000,-1.00,7.02
0,1000,-1.00,7.22
0,1000,-1.00,7.25
0,1000,-1.00,8.04
0,1000,-1.00,7.79
0,1000,-1.00,7.13
0,1000,-1.00,6.76
0,1000,-1.00,7.15
0,1000,-1.00,6.56
0,1000,-1.00,7.25
0,1000,-1.00,7.54
0,1000,-1.00,7.37
0,1000,-1.00,7.26
0,1000,-1.00,8.26
0,1000,-1.00,7.19
0,1000,-1.00,7.19
0,1000,-1.00,6.97
0,1000,-1.00,7.85
0,1000,-1.00,7.22
0,1000,-1.00,6.99
0,1000,-1.00,7.57
0,1000,-1.00,7.72
0,1000,-1.00,6.56
0,1000,-1.00,9.06
0,1000,-1.00,7.66
0,1000,-1.00,6.65
0,1000,-1.00,6.88
0,1000,-1.00,7.36
0,1000,-1.00,7.04
0,1000,-1.00,7.30
0,1000,-1.00,7.39
0,1000,-1.00,6.94
0,1000,-1.00,7.10
0,1000,-1.00,7.38
0,1000,-1.00,6.99
0,1000,-1.00,7.35
0,1000,-1.00,7.83
0,1000,-1.00,7.41
0,1000,-1.00,6.70
0,1000,-1.00,7.01
0,1000,-1.00,6.65
0,1000,-1.00,9.17
0,1000,-1.00,7.51
0,1000,-1.00,7.97
0,1000,-1.00,6.85
0,1000,-1.00,7.30
0,1000,-1.00,7.91
0,1000,-1.00,7.47
0,1000,-1.00,6.78
0,1000,-1.00,6.90
0,1000,-1.00,6.86
0,1000,-1.00,7.21
0,1000,-1.00,7.05
0,1000,-1.00,8.46
0,1000,-1.00,7.23
0,1000,-1.00,6.94
0,1000,-1.00,7.29
0,1000,-1.00,8.83
0,1000,-1.00,7.77
0,1000,-1.00,7.64
0,1000,-1.00,7.20
0,1000,-1.00,7.03
0,1000,-1.00,6.55
0,1000,-1.00,7.34
0,1000,-1.00,7.15
0,1000,-1.00,7.11
0,1000,-1.00,6.83
0,1000,-1.00,7.33
0,1000,-1.00,6.68
0,1000,-1.00,6.85
0,1000,-1.00,6.16
0,1000,-1.00,7.54
0,1000,-1.00,6.88
0,1000,-1.00,6.99
0,1000,-1.00,7.10
0,1000,-1.00,6.84
0,1000,-1.00,7.58
0,1000,-1.00,7.30
0,1000,-1.00,7.24
0,1000,-1.00,7.10
0,1000,-1.00,6.96
0,1000,-1.00,7.20
0,1000,-1.00,7.82
0,1000,-1.00,7.53
0,1000,-1.00,7.25
0,1000,-1.00,6.91
0,1000,-1.00,6.90
0,1000,-1.00,7.10
0,1000,-1.00,7.35
0,1000,-1.00,6.70
0,1000,-1.00,7.87
0,1000,-1.00,7.75
0,1000,-1.00,7.75
0,1000,-1.00,7.42
0,1000,-1.00,7.52
0,1000,-1.00,6.89
0,1000,-1.00,7.75
0,1000,-1.00,6.93
0,1000,-1.00,7.07
0,1000,-1.00,6.43
0,1000,-1.00,7.26
0,1000,-1.00,8.35
0,1000,-1.00,6.68
0,1000,-1.00,6.74
0,1000,-1.00,7.54
0,1000,-1.00,8.02
0,1000,-1.00,7.25
0,1000,-1.00,7.41
0,1000,-1.00,7.42
0,1000,-1.00,6.35
0,1000,-1.00,7.07
0,1000,-1.00,7.30
0,1000,-1.00,7.03
0,1000,-1.00,7.38
0,1000,-1.00,7.06
0,1000,-1.00,7.40
0,1000,-1.00,6.78
0,1000,-1.00,8.50
0,1000,-1.00,7.09
0,1000,-1.00,7.14
0,1000,-1.00,6.81
0,1000,-1.00,6.96
0,1000,-1.00,6.99
0,1000,-1.00,7.42
0,1000,-1.00,7.24
0,1000,-1.00,7.20
0,1000,-1.00,7.02
0,1000,-1.00,8.22
0,1000,-1.00,6.88
0,1000,-1.00,7.50
0,1000,-1.00,6.49
0,1000,-1.00,6.72
0,1000,-1.00,7.52
0,1000,-1.00,6.77
0,1000,-1.00,7.47
0,1000,-1.00,6.89
0,1000,-1.00,6.80
0,1000,-1.00,6.91
0,1000,-1.00,6.91
0,1000,-1.00,6.46
1000,0,8.90,-1.00
0,1000,-1.00,7.13
0,1000,-1.00,8.10
0,1000,-1.00,6.55
0,1000,-1.00,7.35
0,1000,-1.00,6.94
0,1000,-1.00,6.85
0,1000,-1.00,7.07
0,1000,-1.00,7.04
0,1000,-1.00,7.49
0,1000,-1.00,7.63
0,1000,-1.00,7.12
0,1000,-1.00,7.30
0,1000,-1.00,6.62
0,1000,-1.00,7.97
0,1000,-1.00,7.31
0,1000,-1.00,7.62
0,1000,-1.00,7.53
0,1000,-1.00,6.97
0,1000,-1.00,6.75
0,1000,-1.00,6.88
0,1000,-1.00,6.79
0,1000,-1.00,7.02
0,1000,-1.00,7.15
0,1000,-1.00,7.95
0,1000,-1.00,7.01
0,1000,-1.00,6.98
0,1000,-1.00,7.58
0,1000,-1.00,6.68
0,1000,-1.00,6.76
0,1000,-1.00,7.33
0,1000,-1.00,9.54
0,1000,-1.00,7.09
0,1000,-1.00,6.94
0,1000,-1.00,6.74
0,1000,-1.00,7.16
0,1000,-1.00,6.68
0,1000,-1.00,8.23
0,1000,-1.00,7.34
0,1000,-1.00,8.58
0,1000,-1.00,7.24
0,1000,-1.00,7.20
0,1000,-1.00,7.28
0,1000,-1.00,7.51
0,1000,-1.00,7.43
0,1000,-1.00,6.70
0,1000,-1.00,8.02
0,1000,-1.00,8.32
0,1000,-1.00,7.41
0,1000,-1.00,7.37
0,1000,-1.00,7.25
0,1000,-1.00,7.26
0,1000,-1.00,7.05
0,1000,-1.00,6.23
0,1000,-1.00,7.34
0,1000,-1.00,6.66
0,1000,-1.00,7.12
0,1000,-1.00,7.40
1000,0,8.85,-1.00
0,1000,-1.00,7.43
0,1000,-1.00,6.85
0,1000,-1.00,7.93
0,1000,-1.00,6.88
0,1000,-1.00,6.74
0,1000,-1.00,7.20
1000,0,11.04,-1.00
0,1000,-1.00,11.09
0,1000,-1.00,7.05
0,1000,-1.00,6.98
0,1000,-1.00,7.85
0,1000,-1.00,7.08
0,1000,-1.00,6.82
0,1000,-1.00,6.79
0,1000,-1.00,7.47
0,1000,-1.00,6.80
0,1000,-1.00,7.48
0,1000,-1.00,7.10
0,1000,-1.00,7.30
0,1000,-1.00,6.38
0,1000,-1.00,7.06
0,1000,-1.00,6.04
0,1000,-1.00,7.14
0,1000,-1.00,7.55
0,1000,-1.00,8.13
0,1000,-1.00,6.79
0,1000,-1.00,6.84
0,1000,-1.00,6.44
0,1000,-1.00,6.96
0,1000,-1.00,7.04
0,1000,-1.00,7.34
0,1000,-1.00,6.78
0,1000,-1.00,8.94
0,1000,-1.00,6.80
0,1000,-1.00,7.62
0,1000,-1.00,8.00
0,1000,-1.00,7.26
1000,0,9.91,-1.00
0,1000,-1.00,7.18
0,1000,-1.00,7.41
0,1000,-1.00,7.84
0,1000,-1.00,7.21
0,1000,-1.00,7.24
0,1000,-1.00,6.73
0,1000,-1.00,6.67
0,1000,-1.00,7.74
0,1000,-1.00,6.59
0,1000,-1.00,7.32
0,1000,-1.00,7.24
0,1000,-1.00,7.05
1000,0,9.60,-1.00
0,1000,-1.00,7.11
0,1000,-1.00,7.37
0,1000,-1.00,7.53
0,1000,-1.00,7.23
1000,0,10.51,-1.00
0,1000,-1.00,7.65
0,1000,-1.00,7.50
0,1000,-1.00,7.42
0,1000,-1.00,7.29
0,1000,-1.00,7.78
0,1000,-1.00,6.91
0,1000,-1.00,6.63
0,1000,-1.00,7.29
0,1000,-1.00,7.76
0,1000,-1.00,8.44
0,1000,-1.00,6.60
0,1000,-1.00,7.15
0,1000,-1.00,7.45
0,1000,-1.00,7.48
0,1000,-1.00,7.38
0,1000,-1.00,7.62
0,1000,-1.00,7.73
0,1000,-1.00,8.30
0,1000,-1.00,6.77
0,1000,-1.00,7.09
0,1000,-1.00,7.41
0,1000,-1.00,6.72
0,1000,-1.00,7.72
0,1000,-1.00,6.98
0,1000,-1.00,6.41
0,1000,-1.00,7.32
1000,0,8.52,-1.00
0,1000,-1.00,6.91
0,1000,-1.00,7.47
0,1000,-1.00,7.31
0,1000,-1.00,7.51
0,1000,-1.00,7.52
0,1000,-1.00,7.18
0,1000,-1.00,7.28
0,1000,-1.00,7.34
0,1000,-1.00,7.33
0,1000,-1.00,6.61
0,1000,-1.00,7.41
1000,0,8.81,-1.00
0,1000,-1.00,7.90
0,1000,-1.00,6.82
0,1000,-1.00,6.38
0,1000,-1.00,7.69
0,1000,-1.00,7.36
0,1000,-1.00,7.68
0,1000,-1.00,7.59
0,1000,-1.00,7.76
0,1000,-1.00,7.70
0,1000,-1.00,7.12
0,1000,-1.00,7.25
0,1000,-1.00,7.41
0,1000,-1.00,7.43
0,1000,-1.00,7.70
0,1000,-1.00,6.40
0,1000,-1.00,7.15
0,1000,-1.00,7.14
0,1000,-1.00,7.19
0,1000,-1.00,7.42
0,1000,-1.00,7.16
0,1000,-1.00,6.54
0,1000,-1.00,7.23
0,1000,-1.00,6.96
0,1000,-1.00,6.83
0,1000,-1.00,7.66
0,1000,-1.00,6.96
0,1000,-1.00,7.18
0,1000,-1.00,7.33
0,1000,-1.00,6.49
0,1000,-1.00,7.37
0,1000,-1.00,7.22
0,1000,-1.00,7.16
0,1000,-1.00,7.02
1000,0,11.34,-1.00
0,1000,-1.00,7.26
0,1000,-1.00,6.55
0,1000,-1.00,7.07
0,1000,-1.00,7.24
0,1000,-1.00,6.80
0,1000,-1.00,7.70
0,1000,-1.00,7.11
0,1000,-1.00,7.82
0,1000,-1.00,7.49
0,1000,-1.00,7.03
0,1000,-1.00,7.07
0,1000,-1.00,7.29
0,1000,-1.00,7.07
0,1000,-1.00,6.91
0,1000,-1.00,7.11
0,1000,-1.00,7.88
0,1000,-1.00,7.19
1000,0,9.37,-1.00
0,1000,-1.00,7.39
0,1000,-1.00,6.61
0,1000,-1.00,6.89
0,1000,-1.00,7.62
0,1000,-1.00,7.56
0,1000,-1.00,7.27
0,1000,-1.00,6.86
0,1000,-1.00,6.81
0,1000,-1.00,7.07
0,1000,-1.00,7.31
0,1000,-1.00,7.34
0,1000,-1.00,7.53
0,1000,-1.00,6.79
0,1000,-1.00,6.41
0,1000,-1.00,7.47
0,1000,-1.00,6.54
0,1000,-1.00,6.69
0,1000,-1.00,6.97
0,1000,-1.00,6.67
0,1000,-1.00,7.34
0,1000,-1.00,7.00
0,1000,-1.00,7.77
0,1000,-1.00,6.64
0,1000,-1.00,7.93
0,1000,-1.00,6.63
0,1000,-1.00,7.42
0,1000,-1.00,7.41
0,1000,-1.00,7.89
0,1000,-1.00,7.31
0,1000,-1.00,7.08
0,1000,-1.00,7.83
0,1000,-1.00,6.94
0,1000,-1.00,8.93
0,1000,-1.00,6.78
0,1000,-1.00,6.93
0,1000,-1.00,6.43
0,1000,-1.00,7.01
0,1000,-1.00,7.35
0,1000,-1.00,7.06
0,1000,-1.00,7.72
0,1000,-1.00,7.40
0,1000,-1.00,7.38
0,1000,-1.00,6.48
0,1000,-1.00,7.58
0,1000,-1.00,7.96
0,1000,-1.00,7.36
0,1000,-1.00,6.56
0,1000,-1.00,7.04
0,1000,-1.00,6.65
0,1000,-1.00,7.26
0,1000,-1.00,6.70
0,1000,-1.00,6.37
0,1000,-1.00,7.46
0,1000,-1.00,8.64
0,1000,-1.00,7.80
0,1000,-1.00,6.65
0,1000,-1.00,8.10
0,1000,-1.00,7.23
0,1000,-1.00,7.15
0,1000,-1.00,7.31
0,1000,-1.00,7.93
0,1000,-1.00,7.21
0,1000,-1.00,7.16
0,1000,-1.00,7.32
0,1000,-1.00,7.29
0,1000,-1.00,8.27
0,1000,-1.00,6.68
0,1000,-1.00,7.68
0,1000,-1.00,6.92
0,1000,-1.00,8.19
0,1000,-1.00,6.89
0,1000,-1.00,6.90
1000,0,8.60,-1.00
0,1000,-1.00,7.00
0,1000,-1.00,6.94
0,1000,-1.00,7.03
0,1000,-1.00,7.07
0,1000,-1.00,6.53
0,1000,-1.00,6.27
0,1000,-1.00,6.83
0,1000,-1.00,7.59
0,1000,-1.00,7.27
0,1000,-1.00,7.26
0,1000,-1.00,7.90
0,1000,-1.00,6.59
0,1000,-1.00,6.76
0,1000,-1.00,7.82
0,1000,-1.00,6.74
0,1000,-1.00,6.75
0,1000,-1.00,6.65
0,1000,-1.00,7.98
0,1000,-1.00,7.25
0,1000,-1.00,9.47
0,1000,-1.00,6.95
0,1000,-1.00,7.54
0,1000,-1.00,7.28
0,1000,-1.00,6.60
0,1000,-1.00,6.98
0,1000,-1.00,7.20
0,1000,-1.00,7.29
0,1000,-1.00,6.93
0,1000,-1.00,6.99
0,1000,-1.00,7.93
0,1000,-1.00,7.21
0,1000,-1.00,6.65
0,1000,-1.00,6.38
0,1000,-1.00,7.35
0,1000,-1.00,6.79
0,1000,-1.00,7.10
0,1000,-1.00,7.33
0,1000,-1.00,7.00
0,1000,-1.00,7.24
0,1000,-1.00,6.99
0,1000,-1.00,6.36
0,1000,-1.00,6.87
0,1000,-1.00,7.30
0,1000,-1.00,6.68
0,1000,-1.00,7.85
0,1000,-1.00,7.64
0,1000,-1.00,7.10
0,1000,-1.00,7.39
0,1000,-1.00,6.39
0,1000,-1.00,7.88
0,1000,-1.00,7.23
0,1000,-1.00,6.53
0,1000,-1.00,7.71
0,1000,-1.00,7.12
0,1000,-1.00,7.13
0,1000,-1.00,6.65
0,1000,-1.00,7.01
0,1000,-1.00,7.40
0,1000,-1.00,7.39
0,1000,-1.00,6.28
0,1000,-1.00,7.71
0,1000,-1.00,6.91
1000,0,9.82,-1.00
0,1000,-1.00,7.67
0,1000,-1.00,7.15
0,1000,-1.00,6.73
0,1000,-1.00,6.88
0,1000,-1.00,7.05
0,1000,-1.00,6.80
0,1000,-1.00,8.20
0,1000,-1.00,6.61
0,1000,-1.00,6.90
0,1000,-1.00,8.03
0,1000,-1.00,7.47
0,1000,-1.00,7.40
0,1000,-1.00,8.01
0,1000,-1.00,6.93
0,1000,-1.00,7.39
0,1000,-1.00,7.52
0,1000,-1.00,7.64
0,1000,-1.00,7.45
0,1000,-1.00,7.06
0,1000,-1.00,7.36
0,1000,-1.00,7.03
0,1000,-1.00,7.05
0,1000,-1.00,7.48
0,1000,-1.00,7.05
0,1000,-1.00,6.97
0,1000,-1.00,6.94
0,1000,-1.00,7.29
0,1000,-1.00,7.04
0,1000,-1.00,6.61
0,1000,-1.00,7.62
0,1000,-1.00,7.17
0,1000,-1.00,6.83
0,1000,-1.00,6.82
0,1000,-1.00,7.76
0,1000,-1.00,6.78
0,1000,-1.00,6.74
0,1000,-1.00,7.59
0,1000,-1.00,7.38
0,1000,-1.00,7.33
0,1000,-1.00,7.32
0,1000,-1.00,6.64
0,1000,-1.00,7.71
0,1000,-1.00,7.94
0,1000,-1.00,7.02
0,1000,-1.00,6.66
0,1000,-1.00,7.38
0,1000,-1.00,8.83
0,1000,-1.00,7.20
0,1000,-1.00,8.47
0,1000,-1.00,7.05
0,1000,-1.00,7.20
0,1000,-1.00,6.70
0,1000,-1.00,7.30
0,1000,-1.00,7.81
0,1000,-1.00,7.69
0,1000,-1.00,7.09
0,1000,-1.00,8.01
0,1000,-1.00,7.37
0,1000,-1.00,7.12
0,1000,-1.00,7.53
0,1000,-1.00,7.22
0,1000,-1.00,8.19
0,1000,-1.00,7.60
0,1000,-1.00,6.86
0,1000,-1.00,8.74
0,1000,-1.00,6.91
0,1000,-1.00,7.96
0,1000,-1.00,7.71
0,1000,-1.00,6.49
0,1000,-1.00,6.98
0,1000,-1.00,7.25
0,1000,-1.00,7.15
0,1000,-1.00,7.51
0,1000,-1.00,7.47
0,1000,-1.00,7.43
0,1000,-1.00,6.48
0,1000,-1.00,7.32
0,1000,-1.00,6.66
0,1000,-1.00,7.70
0,1000,-1.00,7.38
0,1000,-1.00,7.11
0,1000,-1.00,7.94
0,1000,-1.00,6.86
0,1000,-1.00,7.11
0,1000,-1.00,6.80
0,1000,-1.00,7.03
0,1000,-1.00,7.13
0,1000,-1.00,6.84
0,1000,-1.00,7.45
0,1000,-1.00,7.40
0,1000,-1.00,7.18
0,1000,-1.00,7.56
0,1000,-1.00,7.45
0,1000,-1.00,6.74
0,1000,-1.00,8.30
0,1000,-1.00,7.25
0,1000,-1.00,7.29
0,1000,-1.00,7.52
0,1000,-1.00,7.74
0,1000,-1.00,7.11
0,1000,-1.00,8.01
0,1000,-1.00,6.67
0,1000,-1.00,7.53
0,1000,-1.00,7.69
1000,0,11.03,-1.00
0,1000,-1.00,7.44
0,1000,-1.00,6.58
0,1000,-1.00,6.90
0,1000,-1.00,6.96
0,1000,-1.00,7.22
0,1000,-1.00,6.98
0,1000,-1.00,8.17
0,1000,-1.00,7.90
0,1000,-1.00,6.61
0,1000,-1.00,7.02
0,1000,-1.00,7.53
0,1000,-1.00,7.65
0,1000,-1.00,7.54
0,1000,-1.00,7.55
0,1000,-1.00,7.57
0,1000,-1.00,7.20
0,1000,-1.00,7.39
0,1000,-1.00,6.89
0,1000,-1.00,7.46
0,1000,-1.00,7.64
0,1000,-1.00,7.07
0,1000,-1.00,6.78
0,1000,-1.00,6.61
0,1000,-1.00,7.81
0,1000,-1.00,7.90
0,1000,-1.00,6.94
0,1000,-1.00,7.10
0,1000,-1.00,7.13
0,1000,-1.00,7.42
0,1000,-1.00,6.72
0,1000,-1.00,7.67
0,1000,-1.00,6.90
0,1000,-1.00,6.88
0,1000,-1.00,7.47
0,1000,-1.00,7.11
0,1000,-1.00,7.28
0,1000,-1.00,6.59
0,1000,-1.00,7.13
0,1000,-1.00,8.21
0,1000,-1.00,7.41
0,1000,-1.00,7.11
0,1000,-1.00,7.49
0,1000,-1.00,6.86
0,1000,-1.00,6.91
0,1000,-1.00,7.95
0,1000,-1.00,7.48
0,1000,-1.00,7.91
0,1000,-1.00,7.48
0,1000,-1.00,7.17
0,1000,-1.00,7.20
0,1000,-1.00,7.21
0,1000,-1.00,7.71
0,1000,-1.00,7.41
0,1000,-1.00,6.83
0,1000,-1.00,7.76
0,1000,-1.00,6.96
0,1000,-1.00,6.96
0,1000,-1.00,7.39
0,1000,-1.00,6.98
0,1000,-1.00,6.90
0,1000,-1.00,6.54
0,1000,-1.00,7.16
0,1000,-1.00,7.72
0,1000,-1.00,7.40
0,1000,-1.00,7.55
0,1000,-1.00,7.00
0,1000,-1.00,6.94
0,1000,-1.00,7.50
0,1000,-1.00,7.32
0,1000,-1.00,7.49
0,1000,-1.00,6.77
0,1000,-1.00,7.70
0,1000,-1.00,7.36
0,1000,-1.00,6.32
0,1000,-1.00,7.81
0,1000,-1.00,7.52
0,1000,-1.00,7.38
0,1000,-1.00,6.29
0,1000,-1.00,7.15
0,1000,-1.00,7.44
0,1000,-1.00,7.61
0,1000,-1.00,7.32
0,1000,-1.00,6.92
0,1000,-1.00,6.99
0,1000,-1.00,6.26
0,1000,-1.00,6.59
0,1000,-1.00,7.18
0,1000,-1.00,7.55
0,1000,-1.00,7.59
0,1000,-1.00,6.89
0,1000,-1.00,6.56
0,1000,-1.00,7.23
0,1000,-1.00,6.67
0,1000,-1.00,7.35
0,1000,-1.00,6.68
0,1000,-1.00,7.17
0,1000,-1.00,7.12
0,1000,-1.00,7.10
0,1000,-1.00,7.32
0,1000,-1.00,7.19
0,1000,-1.00,7.29
0,1000,-1.00,6.73
0,1000,-1.00,7.35
0,1000,-1.00,7.36
0,1000,-1.00,7.87
0,1000,-1.00,7.05
0,1000,-1.00,6.70
0,1000,-1.00,7.38
0,1000,-1.00,7.06
0,1000,-1.00,7.15
0,1000,-1.00,7.40
0,1000,-1.00,7.28
0,1000,-1.00,7.41
0,1000,-1.00,6.76
1000,0,8.39,-1.00
0,1000,-1.00,7.61
0,1000,-1.00,6.49
0,1000,-1.00,6.82
0,1000,-1.00,7.76
0,1000,-1.00,7.19
0,1000,-1.00,6.76
0,1000,-1.00,7.82
0,1000,-1.00,7.47
0,1000,-1.00,7.74
0,1000,-1.00,8.57
0,1000,-1.00,6.80
0,1000,-1.00,6.53
0,1000,-1.00,6.94
0,1000,-1.00,7.19
0,1000,-1.00,6.96
1000,0,10.14,-1.00
0,1000,-1.00,6.94
0,1000,-1.00,6.75
0,1000,-1.00,6.63
0,1000,-1.00,6.76
0,1000,-1.00,7.03
0,1000,-1.00,8.16
0,1000,-1.00,6.94
0,1000,-1.00,7.03
0,1000,-1.00,7.89
0,1000,-1.00,6.91
0,1000,-1.00,7.36
0,1000,-1.00,6.91
0,1000,-1.00,8.61
0,1000,-1.00,6.35
0,1000,-1.00,6.99
0,1000,-1.00,7.76
0,1000,-1.00,6.54
0,1000,-1.00,7.20
0,1000,-1.00,7.02
0,1000,-1.00,6.75
0,1000,-1.00,7.00
0,1000,-1.00,7.23
0,1000,-1.00,6.53
0,1000,-1.00,7.29
0,1000,-1.00,8.14
0,1000,-1.00,7.17
0,1000,-1.00,7.27
0,1000,-1.00,6.24
0,1000,-1.00,6.97
0,1000,-1.00,6.62
0,1000,-1.00,8.72
0,1000,-1.00,6.28
0,1000,-1.00,7.90
0,1000,-1.00,7.20
0,1000,-1.00,8.17
0,1000,-1.00,7.09
0,1000,-1.00,7.20
0,1000,-1.00,7.11
0,1000,-1.00,6.81
0,1000,-1.00,6.89
0,1000,-1.00,7.42
0,1000,-1.00,6.70
0,1000,-1.00,7.71
0,1000,-1.00,7.34
1000,0,10.12,-1.00
0,1000,-1.00,6.76
0,1000,-1.00,7.06
0,1000,-1.00,6.91
0,1000,-1.00,8.55
0,1000,-1.00,7.01
0,1000,-1.00,7.08
0,1000,-1.00,6.75
0,1000,-1.00,6.98
0,1000,-1.00,6.88
0,1000,-1.00,7.46
0,1000,-1.00,6.80
0,1000,-1.00,7.56
0,1000,-1.00,8.05
0,1000,-1.00,7.56
0,1000,-1.00,7.21
0,1000,-1.00,7.79
0,1000,-1.00,8.75
0,1000,-1.00,7.15
0,1000,-1.00,7.27
0,1000,-1.00,6.88
0,1000,-1.00,6.84
0,1000,-1.00,7.51
0,1000,-1.00,7.82
0,1000,-1.00,6.94
0,1000,-1.00,7.38
0,1000,-1.00,8.30
0,1000,-1.00,7.04
0,1000,-1.00,6.85
0,1000,-1.00,6.97
0,1000,-1.00,6.84
0,1000,-1.00,7.68
0,1000,-1.00,7.16
0,1000,-1.00,7.95
0,1000,-1.00,7.44
0,1000,-1.00,7.36
0,1000,-1.00,7.89
0,1000,-1.00,7.74
0,1000,-1.00,7.33
0,1000,-1.00,8.00
0,1000,-1.00,7.29
0,1000,-1.00,7.64
0,1000,-1.00,8.12
0,1000,-1.00,7.68
0,1000,-1.00,7.17
0,1000,-1.00,7.24
0,1000,-1.00,7.70
0,1000,-1.00,7.15
0,1000,-1.00,8.81
0,1000,-1.00,6.99
0,1000,-1.00,7.04
0,1000,-1.00,7.31
0,1000,-1.00,6.96
0,1000,-1.00,7.44
0,1000,-1.00,7.52
0,1000,-1.00,7.26
0,1000,-1.00,7.03
0,1000,-1.00,7.80
0,1000,-1.00,7.05
0,1000,-1.00,6.73
0,1000,-1.00,7.25
0,1000,-1.00,6.86
0,1000,-1.00,6.98
0,1000,-1.00,7.24
0,1000,-1.00,7.27
0,1000,-1.00,7.34
0,1000,-1.00,7.19
0,1000,-1.00,7.00
0,1000,-1.00,6.88
0,1000,-1.00,6.81
0,1000,-1.00,7.05
0,1000,-1.00,7.29
0,1000,-1.00,7.72
0,1000,-1.00,6.85
0,1000,-1.00,6.50
0,1000,-1.00,6.95
0,1000,-1.00,7.53
0,1000,-1.00,6.64
0,1000,-1.00,6.78
0,1000,-1.00,7.09
0,1000,-1.00,6.64
0,1000,-1.00,7.34
0,1000,-1.00,7.28
0,1000,-1.00,7.07
0,1000,-1.00,6.57
0,1000,-1.00,6.67
0,1000,-1.00,7.29
0,1000,-1.00,7.98
0,1000,-1.00,6.74
0,1000,-1.00,7.61
0,1000,-1.00,7.40
0,1000,-1.00,7.28
0,1000,-1.00,10.26
0,1000,-1.00,7.36
0,1000,-1.00,8.15
0,1000,-1.00,6.68
0,1000,-1.00,7.18
0,1000,-1.00,6.45
0,1000,-1.00,7.69
0,1000,-1.00,7.33
0,1000,-1.00,7.30
0,1000,-1.00,6.95
0,1000,-1.00,6.34
0,1000,-1.00,7.06
0,1000,-1.00,7.97
0,1000,-1.00,7.53
0,1000,-1.00,6.84
0,1000,-1.00,6.65
0,1000,-1.00,6.74
0,1000,-1.00,6.62
0,1000,-1.00,7.23
0,1000,-1.00,7.91
0,1000,-1.00,7.57
0,1000,-1.00,7.54
0,1000,-1.00,7.53
0,1000,-1.00,7.24
0,1000,-1.00,7.37
0,1000,-1.00,7.01
0,1000,-1.00,7.31
0,1000,-1.00,6.69
0,1000,-1.00,6.74
0,1000,-1.00,7.66
0,1000,-1.00,6.82
0,1000,-1.00,6.57
0,1000,-1.00,7.51
0,1000,-1.00,8.00
0,1000,-1.00,7.55
0,1000,-1.00,6.49
0,1000,-1.00,6.88
0,1000,-1.00,7.54
0,1000,-1.00,7.31
0,1000,-1.00,7.48
0,1000,-1.00,7.11
0,1000,-1.00,7.22
0,1000,-1.00,6.61
0,1000,-1.00,7.09
0,1000,-1.00,6.77
0,1000,-1.00,7.24
0,1000,-1.00,7.14
0,1000,-1.00,6.93
0,1000,-1.00,7.44
0,1000,-1.00,7.00
0,1000,-1.00,7.06
0,1000,-1.00,7.31
0,1000,-1.00,8.03
0,1000,-1.00,6.72
0,1000,-1.00,8.31
1000,0,10.24,-1.00
0,1000,-1.00,7.76
0,1000,-1.00,6.53
0,1000,-1.00,7.29
0,1000,-1.00,6.92
0,1000,-1.00,8.08
0,1000,-1.00,7.95
0,1000,-1.00,7.74
0,1000,-1.00,6.80
0,1000,-1.00,7.18
0,1000,-1.00,7.24
0,1000,-1.00,7.15
0,1000,-1.00,7.59
0,1000,-1.00,7.05
0,1000,-1.00,7.53
0,1000,-1.00,7.38
0,1000,-1.00,7.35
0,1000,-1.00,6.88
0,1000,-1.00,6.51
0,1000,-1.00,7.78
1000,0,9.13,-1.00
0,1000,-1.00,6.46
0,1000,-1.00,6.89
0,1000,-1.00,7.11
0,1000,-1.00,7.62
0,1000,-1.00,6.97
0,1000,-1.00,7.19
0,1000,-1.00,7.67
0,1000,-1.00,6.75
0,1000,-1.00,6.79
0,1000,-1.00,7.68
0,1000,-1.00,6.86
0,1000,-1.00,7.71
0,1000,-1.00,7.17
0,1000,-1.00,6.79
0,1000,-1.00,7.17
0,1000,-1.00,7.84
0,1000,-1.00,6.49
0,1000,-1.00,7.59
0,1000,-1.00,7.69
0,1000,-1.00,6.62
0,1000,-1.00,7.19
0,1000,-1.00,7.66
0,1000,-1.00,6.72
0,1000,-1.00,6.61
0,1000,-1.00,7.26
0,1000,-1.00,6.91
0,1000,-1.00,7.12
0,1000,-1.00,6.29
0,1000,-1.00,6.94
0,1000,-1.00,7.37
0,1000,-1.00,6.89
0,1000,-1.00,6.57
0,1000,-1.00,6.94
0,1000,-1.00,6.90
0,1000,-1.00,7.11
0,1000,-1.00,7.33
0,1000,-1.00,6.76
0,1000,-1.00,7.62
0,1000,-1.00,6.30
0,1000,-1.00,6.92
0,1000,-1.00,6.81
0,1000,-1.00,7.51
0,1000,-1.00,6.91
0,1000,-1.00,6.37
0,1000,-1.00,7.77
0,1000,-1.00,7.31
0,1000,-1.00,6.83
0,1000,-1.00,7.32
0,1000,-1.00,6.57
1000,0,9.35,-1.00
0,1000,-1.00,7.01
0,1000,-1.00,6.43
0,1000,-1.00,7.12
0,1000,-1.00,7.20
0,1000,-1.00,6.79
0,1000,-1.00,7.31
0,1000,-1.00,6.55
0,1000,-1.00,7.39
0,1000,-1.00,7.23
0,1000,-1.00,7.22
0,1000,-1.00,7.26
0,1000,-1.00,7.25
0,1000,-1.00,6.78
0,1000,-1.00,7.68
0,1000,-1.00,7.78
0,1000,-1.00,7.20
0,1000,-1.00,7.36
0,1000,-1.00,6.71
0,1000,-1.00,7.45
0,1000,-1.00,6.89
0,1000,-1.00,7.39
0,1000,-1.00,6.86
0,1000,-1.00,6.95
0,1000,-1.00,6.68
0,1000,-1.00,6.91
1000,0,10.68,-1.00
0,1000,-1.00,6.82
0,1000,-1.00,7.22
0,1000,-1.00,6.96
0,1000,-1.00,8.05
0,1000,-1.00,7.61
0,1000,-1.00,7.07
0,1000,-1.00,6.83
0,1000,-1.00,7.38
0,1000,-1.00,7.28
0,1000,-1.00,7.06
0,1000,-1.00,7.07
0,1000,-1.00,6.84
0,1000,-1.00,7.16
0,1000,-1.00,6.65
0,1000,-1.00,7.26
0,1000,-1.00,7.42
0,1000,-1.00,6.93
0,1000,-1.00,7.09
0,1000,-1.00,7.12
0,1000,-1.00,7.33
0,1000,-1.00,7.13
0,1000,-1.00,6.77
0,1000,-1.00,6.80
0,1000,-1.00,7.59
0,1000,-1.00,7.70
0,1000,-1.00,6.68
0,1000,-1.00,7.60
1000,0,9.34,-1.00
0,1000,-1.00,7.25
0,1000,-1.00,6.38
0,1000,-1.00,6.88
0,1000,-1.00,6.28
0,1000,-1.00,7.55
0,1000,-1.00,7.22
0,1000,-1.00,7.66
0,1000,-1.00,8.21
0,1000,-1.00,7.04
0,1000,-1.00,7.10
0,1000,-1.00,7.16
0,1000,-1.00,6.82
0,1000,-1.00,7.81
0,1000,-1.00,6.98
0,1000,-1.00,8.05
0,1000,-1.00,7.16
0,1000,-1.00,7.04
0,1000,-1.00,7.41
0,1000,-1.00,6.98
0,1000,-1.00,6.90
0,1000,-1.00,6.99
0,1000,-1.00,8.60
0,1000,-1.00,7.35
0,1000,-1.00,6.90
0,1000,-1.00,8.12
0,1000,-1.00,6.93
0,1000,-1.00,7.24
0,1000,-1.00,7.61
0,1000,-1.00,7.86
0,1000,-1.00,6.76
0,1000,-1.00,7.07
0,1000,-1.00,8.94
0,1000,-1.00,7.85
0,1000,-1.00,7.08
0,1000,-1.00,7.20
0,1000,-1.00,7.36
0,1000,-1.00,7.41
0,1000,-1.00,6.99
0,1000,-1.00,6.78
0,1000,-1.00,6.77
0,1000,-1.00,7.89
0,1000,-1.00,7.21
0,1000,-1.00,7.20
0,1000,-1.00,7.19
0,1000,-1.00,7.12
0,1000,-1.00,6.71
0,1000,-1.00,6.91
0,1000,-1.00,7.59
0,1000,-1.00,7.42
0,1000,-1.00,6.43
0,1000,-1.00,7.37
0,1000,-1.00,6.74
0,1000,-1.00,7.46
1000,0,8.40,-1.00
0,1000,-1.00,6.93
0,1000,-1.00,7.75
0,1000,-1.00,6.86
0,1000,-1.00,7.87
0,1000,-1.00,6.79
0,1000,-1.00,7.39
0,1000,-1.00,6.94
0,1000,-1.00,6.83
0,1000,-1.00,7.70
0,1000,-1.00,6.49
0,1000,-1.00,7.56
0,1000,-1.00,6.93
0,1000,-1.00,6.38
0,1000,-1.00,6.61
0,1000,-1.00,7.12
0,1000,-1.00,7.16
0,1000,-1.00,7.04
0,1000,-1.00,7.63
0,1000,-1.00,6.84
0,1000,-1.00,6.97
0,1000,-1.00,6.94
0,1000,-1.00,7.58
0,1000,-1.00,6.99
0,1000,-1.00,7.89
0,1000,-1.00,6.78
0,1000,-1.00,7.04
0,1000,-1.00,7.22
0,1000,-1.00,6.34
0,1000,-1.00,7.40
0,1000,-1.00,7.26
0,1000,-1.00,7.07
0,1000,-1.00,6.66
0,1000,-1.00,7.06
0,1000,-1.00,7.69
0,1000,-1.00,7.05
0,1000,-1.00,7.53
0,1000,-1.00,7.47
0,1000,-1.00,7.44
0,1000,-1.00,6.71
0,1000,-1.00,7.01
0,1000,-1.00,7.51
0,1000,-1.00,8.27
0,1000,-1.00,7.34
0,1000,-1.00,7.03
0,1000,-1.00,6.90
0,1000,-1.00,7.25
0,1000,-1.00,7.97
0,1000,-1.00,7.07
0,1000,-1.00,7.55
0,1000,-1.00,6.79
0,1000,-1.00,7.37
0,1000,-1.00,7.57
0,1000,-1.00,8.32
0,1000,-1.00,8.08
0,1000,-1.00,6.77
0,1000,-1.00,8.21
0,1000,-1.00,7.30
1000,0,10.20,-1.00
0,1000,-1.00,7.02
0,1000,-1.00,6.99
0,1000,-1.00,6.88
0,1000,-1.00,7.73
0,1000,-1.00,7.02
0,1000,-1.00,7.32
0,1000,-1.00,7.58
0,1000,-1.00,7.00
0,1000,-1.00,7.04
0,1000,-1.00,7.53
0,1000,-1.00,6.59
0,1000,-1.00,6.61
0,1000,-1.00,6.84
0,1000,-1.00,7.31
0,1000,-1.00,6.96
0,1000,-1.00,7.49
1000,0,10.01,-1.00
0,1000,-1.00,7.39
0,1000,-1.00,7.70
0,1000,-1.00,6.94
0,1000,-1.00,6.80
0,1000,-1.00,7.45
0,1000,-1.00,7.06
0,1000,-1.00,6.99
0,1000,-1.00,7.11
0,1000,-1.00,7.85
0,1000,-1.00,7.54
0,1000,-1.00,7.09
0,1000,-1.00,7.12
0,1000,-1.00,7.18
0,1000,-1.00,7.08
0,1000,-1.00,7.33
0,1000,-1.00,6.61
0,1000,-1.00,7.28
0,1000,-1.00,6.48
0,1000,-1.00,7.49
0,1000,-1.00,7.85
0,1000,-1.00,7.95
0,1000,-1.00,6.82
0,1000,-1.00,7.09
0,1000,-1.00,7.63
0,1000,-1.00,7.40
0,1000,-1.00,7.27
0,1000,-1.00,6.93
0,1000,-1.00,7.20
1000,0,11.00,-1.00
0,1000,-1.00,6.77
0,1000,-1.00,7.08
0,1000,-1.00,7.04
0,1000,-1.00,7.86
0,1000,-1.00,6.94
0,1000,-1.00,7.72
0,1000,-1.00,7.04
0,1000,-1.00,7.50
0,1000,-1.00,7.61
0,1000,-1.00,7.35
0,1000,-1.00,6.92
0,1000,-1.00,7.97
0,1000,-1.00,7.96
0,1000,-1.00,7.01
0,1000,-1.00,6.50
0,1000,-1.00,7.73
0,1000,-1.00,6.27
0,1000,-1.00,7.34
0,1000,-1.00,7.23
0,1000,-1.00,7.85
0,1000,-1.00,6.66
0,1000,-1.00,7.29
0,1000,-1.00,7.12
0,1000,-1.00,6.92
0,1000,-1.00,6.89
0,1000,-1.00,7.98
0,1000,-1.00,7.27
0,1000,-1.00,6.74
0,1000,-1.00,7.22
0,1000,-1.00,8.38
0,1000,-1.00,8.47
0,1000,-1.00,7.52
0,1000,-1.00,8.32
0,1000,-1.00,7.53
0,1000,-1.00,6.68
0,1000,-1.00,6.82
0,1000,-1.00,6.68
0,1000,-1.00,7.09
0,1000,-1.00,6.41
0,1000,-1.00,7.39
0,1000,-1.00,6.96
0,1000,-1.00,6.68
0,1000,-1.00,7.59
0,1000,-1.00,7.25
0,1000,-1.00,7.07
0,1000,-1.00,7.11
0,1000,-1.00,6.72
1000,0,10.08,-1.00
0,1000,-1.00,8.06
0,1000,-1.00,6.66
0,1000,-1.00,8.10
0,1000,-1.00,7.36
0,1000,-1.00,7.33
0,1000,-1.00,7.12
0,1000,-1.00,7.58
0,1000,-1.00,7.04
0,1000,-1.00,7.27
0,1000,-1.00,7.55
0,1000,-1.00,7.25
0,1000,-1.00,9.24
0,1000,-1.00,7.01
0,1000,-1.00,7.76
1000,0,9.86,-1.00
0,1000,-1.00,7.18
0,1000,-1.00,7.95
0,1000,-1.00,7.55
0,1000,-1.00,8.09
0,1000,-1.00,7.19
0,1000,-1.00,8.35
0,1000,-1.00,6.83
0,1000,-1.00,6.73
0,1000,-1.00,7.00
0,1000,-1.00,6.57
0,1000,-1.00,7.89
0,1000,-1.00,7.66
0,1000,-1.00,7.04
0,1000,-1.00,7.25
0,1000,-1.00,7.68
0,1000,-1.00,6.94
0,1000,-1.00,6.64
0,1000,-1.00,7.27
0,1000,-1.00,6.89
0,1000,-1.00,6.78
0,1000,-1.00,7.50
0,1000,-1.00,7.36
0,1000,-1.00,7.31
0,1000,-1.00,7.03
0,1000,-1.00,6.62
0,1000,-1.00,7.59
0,1000,-1.00,7.76
0,1000,-1.00,7.24
0,1000,-1.00,7.72
0,1000,-1.00,7.65
0,1000,-1.00,7.14
0,1000,-1.00,6.74
0,1000,-1.00,7.28
0,1000,-1.00,6.68
0,1000,-1.00,7.28
0,1000,-1.00,6.75
0,1000,-1.00,6.89
0,1000,-1.00,7.62
0,1000,-1.00,7.73
0,1000,-1.00,6.53
0,1000,-1.00,6.61
0,1000,-1.00,6.78
0,1000,-1.00,6.93
0,1000,-1.00,8.15
0,1000,-1.00,7.59
0,1000,-1.00,6.86
0,1000,-1.00,6.89
0,1000,-1.00,8.24
0,1000,-1.00,8.13
0,1000,-1.00,6.72
0,1000,-1.00,6.97
0,1000,-1.00,7.71
0,1000,-1.00,7.16
0,1000,-1.00,7.37
0,1000,-1.00,7.52
0,1000,-1.00,7.40
0,1000,-1.00,7.19
0,1000,-1.00,8.37
0,1000,-1.00,7.28
0,1000,-1.00,6.92
0,1000,-1.00,7.82
0,1000,-1.00,7.78
0,1000,-1.00,7.74
0,1000,-1.00,7.05
0,1000,-1.00,7.41
0,1000,-1.00,7.64
0,1000,-1.00,6.69
0,1000,-1.00,7.04
0,1000,-1.00,7.34
0,1000,-1.00,8.29
0,1000,-1.00,7.78
0,1000,-1.00,6.57
0,1000,-1.00,6.99
0,1000,-1.00,6.93
1000,0,10.02,-1.00
0,1000,-1.00,7.69
0,1000,-1.00,7.20
0,1000,-1.00,6.89
0,1000,-1.00,7.00
0,1000,-1.00,7.30
0,1000,-1.00,8.06
0,1000,-1.00,6.83
0,1000,-1.00,6.95
0,1000,-1.00,6.71
0,1000,-1.00,7.87
0,1000,-1.00,7.41
0,1000,-1.00,7.22
0,1000,-1.00,6.86
0,1000,-1.00,7.34
0,1000,-1.00,7.10
0,1000,-1.00,7.81
0,1000,-1.00,6.75
0,1000,-1.00,6.45
0,1000,-1.00,7.02
0,1000,-1.00,7.04
0,1000,-1.00,7.43
0,1000,-1.00,7.39
0,1000,-1.00,7.42
0,1000,-1.00,6.98
0,1000,-1.00,7.02
0,1000,-1.00,7.47
0,1000,-1.00,6.69
0,1000,-1.00,7.08
0,1000,-1.00,7.29
0,1000,-1.00,6.88
0,1000,-1.00,6.83
0,1000,-1.00,7.34
0,1000,-1.00,8.43
0,1000,-1.00,7.43
0,1000,-1.00,7.43
0,1000,-1.00,6.96
0,1000,-1.00,6.98
0,1000,-1.00,7.67
0,1000,-1.00,7.20
0,1000,-1.00,7.67
0,1000,-1.00,7.03
0,1000,-1.00,7.76
0,1000,-1.00,7.35
0,1000,-1.00,7.31
0,1000,-1.00,7.22
0,1000,-1.00,7.47
0,1000,-1.00,6.57
0,1000,-1.00,6.71
0,1000,-1.00,7.42
0,1000,-1.00,7.23
0,1000,-1.00,7.30
0,1000,-1.00,7.35
0,1000,-1.00,8.22
0,1000,-1.00,6.78
0,1000,-1.00,7.21
0,1000,-1.00,6.92
0,1000,-1.00,7.50
0,1000,-1.00,8.46
0,1000,-1.00,8.65
0,1000,-1.00,6.62
0,1000,-1.00,6.48
0,1000,-1.00,6.97
0,1000,-1.00,7.22
0,1000,-1.00,7.09
0,1000,-1.00,7.18
0,1000,-1.00,7.84
0,1000,-1.00,7.94
0,1000,-1.00,7.87
0,1000,-1.00,7.01
0,1000,-1.00,7.44
0,1000,-1.00,6.72
0,1000,-1.00,7.01
0,1000,-1.00,8.20
0,1000,-1.00,6.83
0,1000,-1.00,7.55
0,1000,-1.00,7.73
0,1000,-1.00,7.38
0,1000,-1.00,7.43
0,1000,-1.00,7.88
0,1000,-1.00,7.19
0,1000,-1.00,7.09
0,1000,-1.00,7.38
0,1000,-1.00,7.27
0,1000,-1.00,7.02
1000,0,9.17,-1.00
0,1000,-1.00,7.55
0,1000,-1.00,6.75
0,1000,-1.00,7.50
0,1000,-1.00,7.37
0,1000,-1.00,7.02
0,1000,-1.00,6.98
0,1000,-1.00,6.68
0,1000,-1.00,7.15
0,1000,-1.00,7.55
0,1000,-1.00,7.55
0,1000,-1.00,7.21
0,1000,-1.00,8.20
0,1000,-1.00,6.86
0,1000,-1.00,7.31
0,1000,-1.00,7.68
0,1000,-1.00,8.21
0,1000,-1.00,7.06
0,1000,-1.00,7.02
0,1000,-1.00,6.93
0,1000,-1.00,6.65
0,1000,-1.00,6.66
0,1000,-1.00,7.18
0,1000,-1.00,7.05
0,1000,-1.00,7.47
0,1000,-1.00,7.04
0,1000,-1.00,6.61
0,1000,-1.00,6.72
0,1000,-1.00,6.59
0,1000,-1.00,7.13
0,1000,-1.00,7.31
0,1000,-1.00,7.37
0,1000,-1.00,7.26
0,1000,-1.00,6.42
0,1000,-1.00,7.20
0,1000,-1.00,7.06
0,1000,-1.00,7.48
0,1000,-1.00,7.29
0,1000,-1.00,7.83
0,1000,-1.00,7.57
0,1000,-1.00,7.31
0,1000,-1.00,7.25
0,1000,-1.00,7.08
0,1000,-1.00,7.51
0,1000,-1.00,7.23
0,1000,-1.00,7.07
0,1000,-1.00,7.12
0,1000,-1.00,7.73
0,1000,-1.00,7.23
0,1000,-1.00,6.76
0,1000,-1.00,7.52
0,1000,-1.00,6.95
0,1000,-1.00,6.86
0,1000,-1.00,7.58
0,1000,-1.00,6.74
0,1000,-1.00,6.72
0,1000,-1.00,7.09
0,1000,-1.00,7.41
0,1000,-1.00,6.54
0,1000,-1.00,7.51
0,1000,-1.00,8.67
0,1000,-1.00,7.99
0,1000,-1.00,7.09
0,1000,-1.00,6.92
0,1000,-1.00,6.97
0,1000,-1.00,6.66
0,1000,-1.00,7.24
0,1000,-1.00,8.72
0,1000,-1.00,6.65
0,1000,-1.00,7.08
0,1000,-1.00,8.42
0,1000,-1.00,6.55
0,1000,-1.00,7.35
0,1000,-1.00,7.34
0,1000,-1.00,7.33
0,1000,-1.00,7.55
0,1000,-1.00,7.89
0,1000,-1.00,7.80
0,1000,-1.00,7.13
0,1000,-1.00,7.82
0,1000,-1.00,6.94
0,1000,-1.00,6.71
1000,0,8.41,-1.00
0,1000,-1.00,7.18
0,1000,-1.00,6.90
0,1000,-1.00,6.93
0,1000,-1.00,8.01
0,1000,-1.00,6.42
0,1000,-1.00,7.86
0,1000,-1.00,7.06
0,1000,-1.00,6.75
0,1000,-1.00,8.04
0,1000,-1.00,7.01
0,1000,-1.00,6.87
0,1000,-1.00,6.73
0,1000,-1.00,7.02
0,1000,-1.00,6.84
1000,0,10.56,-1.00
1000,0,10.60,-1.00
0,1000,-1.00,6.64
0,1000,-1.00,7.52
0,1000,-1.00,7.81
0,1000,-1.00,7.30
0,1000,-1.00,6.55
0,1000,-1.00,8.73
0,1000,-1.00,6.55
0,1000,-1.00,6.63
0,1000,-1.00,6.79
0,1000,-1.00,7.63
0,1000,-1.00,7.74
0,1000,-1.00,6.70
0,1000,-1.00,7.41
0,1000,-1.00,7.25
0,1000,-1.00,7.23
0,1000,-1.00,7.05
1000,0,10.16,-1.00
0,1000,-1.00,7.81
0,1000,-1.00,6.84
0,1000,-1.00,7.45
0,1000,-1.00,6.91
0,1000,-1.00,7.43
0,1000,-1.00,6.59
0,1000,-1.00,6.98
0,1000,-1.00,8.37
0,1000,-1.00,7.23
0,1000,-1.00,7.52
0,1000,-1.00,6.86
0,1000,-1.00,6.91
0,1000,-1.00,7.88
0,1000,-1.00,7.37
0,1000,-1.00,6.99
0,1000,-1.00,7.11
0,1000,-1.00,7.86
0,1000,-1.00,7.79
0,1000,-1.00,7.18
0,1000,-1.00,7.17
0,1000,-1.00,7.39
0,1000,-1.00,7.66
0,1000,-1.00,7.28
0,1000,-1.00,7.65
0,1000,-1.00,6.81
0,1000,-1.00,7.63
0,1000,-1.00,6.43
0,1000,-1.00,7.08
0,1000,-1.00,7.85
0,1000,-1.00,7.13
0,1000,-1.00,7.40
0,1000,-1.00,7.22
0,1000,-1.00,7.08
0,1000,-1.00,7.36
0,1000,-1.00,6.79
0,1000,-1.00,6.64
0,1000,-1.00,7.36
0,1000,-1.00,6.84
0,1000,-1.00,6.95
0,1000,-1.00,8.04
0,1000,-1.00,6.76
0,1000,-1.00,6.69
0,1000,-1.00,7.74
0,1000,-1.00,7.34
0,1000,-1.00,7.38
0,1000,-1.00,7.45
0,1000,-1.00,6.88
0,1000,-1.00,7.91
0,1000,-1.00,7.63
0,1000,-1.00,7.53
0,1000,-1.00,7.83
0,1000,-1.00,7.76
0,1000,-1.00,6.66
0,1000,-1.00,7.01
0,1000,-1.00,7.57
0,1000,-1.00,7.01
0,1000,-1.00,6.31
1000,0,10.00,-1.00
0,1000,-1.00,7.39
0,1000,-1.00,7.67
0,1000,-1.00,7.53
0,1000,-1.00,7.48
0,1000,-1.00,7.01
0,1000,-1.00,7.13
0,1000,-1.00,7.20
0,1000,-1.00,7.12
0,1000,-1.00,6.92
0,1000,-1.00,7.15
0,1000,-1.00,7.32
0,1000,-1.00,7.03
0,1000,-1.00,7.30
0,1000,-1.00,7.17
0,1000,-1.00,6.81
0,1000,-1.00,7.09
0,1000,-1.00,6.80
0,1000,-1.00,7.13
0,1000,-1.00,7.03
0,1000,-1.00,7.24
0,1000,-1.00,7.11
0,1000,-1.00,7.56
0,1000,-1.00,7.52
0,1000,-1.00,7.62
0,1000,-1.00,6.62
0,1000,-1.00,7.13
0,1000,-1.00,6.85
0,1000,-1.00,6.97
0,1000,-1.00,7.34
0,1000,-1.00,7.76
0,1000,-1.00,6.88
0,1000,-1.00,6.86
0,1000,-1.00,7.02
0,1000,-1.00,7.23
0,1000,-1.00,7.39
0,1000,-1.00,7.49
0,1000,-1.00,6.98
0,1000,-1.00,6.86
0,1000,-1.00,6.57
0,1000,-1.00,8.03
0,1000,-1.00,7.06
0,1000,-1.00,6.95
0,1000,-1.00,7.10
0,1000,-1.00,7.03
0,1000,-1.00,6.67
0,1000,-1.00,8.38
0,1000,-1.00,7.23
0,1000,-1.00,7.16
0,1000,-1.00,7.28
0,1000,-1.00,6.86
0,1000,-1.00,7.19
0,1000,-1.00,7.48
0,1000,-1.00,6.70
0,1000,-1.00,8.41
0,1000,-1.00,7.97
0,1000,-1.00,6.87
0,1000,-1.00,7.38
0,1000,-1.00,7.72
0,1000,-1.00,7.59
0,1000,-1.00,7.95
0,1000,-1.00,7.42
0,1000,-1.00,7.11
0,1000,-1.00,6.87
0,1000,-1.00,7.63
0,1000,-1.00,7.93
0,1000,-1.00,6.49
0,1000,-1.00,6.83
0,1000,-1.00,6.62
0,1000,-1.00,6.70
0,1000,-1.00,6.80
0,1000,-1.00,7.43
0,1000,-1.00,7.72
0,1000,-1.00,8.34
0,1000,-1.00,7.30
0,1000,-1.00,7.09
0,1000,-1.00,7.24
0,1000,-1.00,7.02
0,1000,-1.00,7.09
0,1000,-1.00,7.83
0,1000,-1.00,6.47
0,1000,-1.00,7.27
0,1000,-1.00,6.99
0,1000,-1.00,7.76
0,1000,-1.00,7.67
0,1000,-1.00,6.76
0,1000,-1.00,7.18
0,1000,-1.00,7.01
0,1000,-1.00,6.73
0,1000,-1.00,7.93
0,1000,-1.00,7.31
0,1000,-1.00,7.59
0,1000,-1.00,7.32
0,1000,-1.00,6.80
0,1000,-1.00,7.07
0,1000,-1.00,7.36
0,1000,-1.00,7.65
0,1000,-1.00,7.28
0,1000,-1.00,6.82
0,1000,-1.00,6.70
0,1000,-1.00,6.56
0,1000,-1.00,6.92
0,1000,-1.00,7.86
0,1000,-1.00,6.85
0,1000,-1.00,7.34
0,1000,-1.00,8.30
0,1000,-1.00,7.42
0,1000,-1.00,7.23
0,1000,-1.00,7.21
0,1000,-1.00,6.82
0,1000,-1.00,6.59
0,1000,-1.00,7.29
0,1000,-1.00,8.34
0,1000,-1.00,7.77
0,1000,-1.00,7.79
0,1000,-1.00,8.74
0,1000,-1.00,7.28
0,1000,-1.00,7.11
0,1000,-1.00,6.67
0,1000,-1.00,8.53
0,1000,-1.00,7.29
0,1000,-1.00,6.61
0,1000,-1.00,7.46
0,1000,-1.00,7.98
0,1000,-1.00,7.62
0,1000,-1.00,6.93
0,1000,-1.00,7.09
0,1000,-1.00,7.13
0,1000,-1.00,6.83
1000,0,10.40,-1.00
0,1000,-1.00,6.68
0,1000,-1.00,7.17
0,1000,-1.00,8.44
0,1000,-1.00,7.24
0,1000,-1.00,7.99
0,1000,-1.00,7.54
0,1000,-1.00,7.76
0,1000,-1.00,7.77
0,1000,-1.00,7.35
0,1000,-1.00,7.39
0,1000,-1.00,7.01
0,1000,-1.00,7.96
0,1000,-1.00,7.74
0,1000,-1.00,7.30
0,1000,-1.00,7.00
1000,0,12.77,-1.00
0,1000,-1.00,6.95
0,1000,-1.00,7.69
0,1000,-1.00,6.79
0,1000,-1.00,7.62
0,1000,-1.00,6.77
0,1000,-1.00,6.75
0,1000,-1.00,7.87
0,1000,-1.00,7.41
0,1000,-1.00,6.72
0,1000,-1.00,6.69
1000,0,9.31,-1.00
0,1000,-1.00,7.51
0,1000,-1.00,6.78
0,1000,-1.00,7.92
0,1000,-1.00,6.87
0,1000,-1.00,6.74
0,1000,-1.00,6.97
0,1000,-1.00,7.66
0,1000,-1.00,6.58
0,1000,-1.00,7.14
0,1000,-1.00,6.29
0,1000,-1.00,6.98
0,1000,-1.00,8.50
0,1000,-1.00,7.97
0,1000,-1.00,7.22
0,1000,-1.00,6.82
0,1000,-1.00,7.10
0,1000,-1.00,7.01
0,1000,-1.00,7.86
0,1000,-1.00,7.03
0,1000,-1.00,6.95
0,1000,-1.00,7.26
0,1000,-1.00,7.14
0,1000,-1.00,7.09
0,1000,-1.00,6.90
0,1000,-1.00,7.55
0,1000,-1.00,6.35
1000,0,9.76,-1.00
0,1000,-1.00,8.53
0,1000,-1.00,7.53
0,1000,-1.00,6.81
0,1000,-1.00,6.56
0,1000,-1.00,7.52
0,1000,-1.00,7.18
0,1000,-1.00,7.62
0,1000,-1.00,7.19
0,1000,-1.00,7.73
0,1000,-1.00,7.14
0,1000,-1.00,6.75
0,1000,-1.00,7.91
0,1000,-1.00,7.55
0,1000,-1.00,6.82
0,1000,-1.00,8.08
0,1000,-1.00,6.95
0,1000,-1.00,7.64
0,1000,-1.00,7.42
0,1000,-1.00,7.37
0,1000,-1.00,6.52
0,1000,-1.00,6.80
0,1000,-1.00,7.70
0,1000,-1.00,7.35
0,1000,-1.00,6.56
0,1000,-1.00,8.32
0,1000,-1.00,7.31
1000,0,9.63,-1.00
0,1000,-1.00,7.22
0,1000,-1.00,7.57
0,1000,-1.00,7.20
0,1000,-1.00,7.96
0,1000,-1.00,8.38
0,1000,-1.00,7.03
0,1000,-1.00,7.82
0,1000,-1.00,7.63
0,1000,-1.00,6.73
0,1000,-1.00,6.86
0,1000,-1.00,7.31
0,1000,-1.00,7.36
0,1000,-1.00,7.46
0,1000,-1.00,6.78
0,1000,-1.00,7.41
0,1000,-1.00,6.93
0,1000,-1.00,7.56
0,1000,-1.00,7.36
0,1000,-1.00,7.01
0,1000,-1.00,6.96
0,1000,-1.00,6.76
0,1000,-1.00,7.30
0,1000,-1.00,7.22
0,1000,-1.00,6.58
0,1000,-1.00,7.21
0,1000,-1.00,7.25
0,1000,-1.00,7.98
0,1000,-1.00,8.02
0,1000,-1.00,7.15
0,1000,-1.00,7.28
0,1000,-1.00,6.59
0,1000,-1.00,7.68
0,1000,-1.00,7.76
0,1000,-1.00,8.04
0,1000,-1.00,7.11
0,1000,-1.00,7.19
0,1000,-1.00,7.05
0,1000,-1.00,7.58
0,1000,-1.00,7.20
0,1000,-1.00,7.09
0,1000,-1.00,6.42
0,1000,-1.00,7.04
0,1000,-1.00,7.41
0,1000,-1.00,7.18
0,1000,-1.00,6.39
0,1000,-1.00,7.70
0,1000,-1.00,7.61
0,1000,-1.00,7.76
0,1000,-1.00,6.85
1000,0,9.25,-1.00
0,1000,-1.00,7.54
0,1000,-1.00,6.70
0,1000,-1.00,7.29
0,1000,-1.00,6.75
0,1000,-1.00,6.76
0,1000,-1.00,7.47
0,1000,-1.00,7.38
0,1000,-1.00,7.53
0,1000,-1.00,7.30
0,1000,-1.00,7.82
0,1000,-1.00,6.57
0,1000,-1.00,7.36
0,1000,-1.00,7.67
0,1000,-1.00,7.22
0,1000,-1.00,7.34
0,1000,-1.00,6.86
0,1000,-1.00,7.93
0,1000,-1.00,7.37
0,1000,-1.00,7.14
0,1000,-1.00,7.11
1000,0,9.75,-1.00
0,1000,-1.00,7.11
0,1000,-1.00,7.84
0,1000,-1.00,7.41
0,1000,-1.00,7.66
0,1000,-1.00,7.36
1000,0,9.47,-1.00
0,1000,-1.00,6.94
0,1000,-1.00,6.75
0,1000,-1.00,6.76
0,1000,-1.00,6.45
0,1000,-1.00,6.97
0,1000,-1.00,7.36
0,1000,-1.00,6.87
0,1000,-1.00,7.24
0,1000,-1.00,7.59
0,1000,-1.00,6.90
0,1000,-1.00,7.94
0,1000,-1.00,7.70
1000,0,9.52,-1.00
0,1000,-1.00,6.90
1000,0,10.61,-1.00
0,1000,-1.00,6.94
0,1000,-1.00,7.37
0,1000,-1.00,6.75
0,1000,-1.00,7.76
0,1000,-1.00,6.82
0,1000,-1.00,6.95
0,1000,-1.00,8.06
0,1000,-1.00,6.87
0,1000,-1.00,6.79
0,1000,-1.00,7.09
0,1000,-1.00,7.30
0,1000,-1.00,6.72
0,1000,-1.00,7.65
0,1000,-1.00,7.20
0,1000,-1.00,6.80
0,1000,-1.00,7.64
0,1000,-1.00,7.72
0,1000,-1.00,6.83
0,1000,-1.00,7.15
0,1000,-1.00,8.50
0,1000,-1.00,7.61
